iteration : 1
briques[2] = 3
briques[1] = 5
briques[0] = 2
points gagnes : 0
|
----------------------------
||0|||0|||0|||0|||0|||0|||0||
----------------------------
||0|||0|||0|||0|||0|||0|||0||
----------------------------
||0|||0|||0|||0|||0|||0|||0||
----------------------------
||0|||0|||0|||0|||0|||0|||0||
----------------------------
||0|||0|||0|||0|||0|||0|||0||
----------------------------
||0|||0|||0|||0|||0|||0|||0||
----------------------------
||0|||0|||0|||0|||0|||0|||0||
----------------------------
||0|||0|||0|||0|||0|||0|||0||
----------------------------
||0|||0|||0|||0|||0|||0|||0||
----------------------------
||0|||0|||0|||0|||0|||0|||0||
----------------------------
||0|||0|||0|||0|||0|||0|||0||
----------------------------
||0|||0|||0|||0|||0|||0|||0||
----------------------------
||5|||0|||0|||0|||0|||0|||0||
----------------------------
||2|||0|||0|||0|||0|||0|||0||
----------------------------
||3|||0|||0|||0|||0|||0|||0||



iteration : 2
briques[2] = 3
briques[1] = 3
briques[0] = 6
points gagnes : 0
|
----------------------------
||0|||0|||0|||0|||0|||0|||0||
----------------------------
||0|||0|||0|||0|||0|||0|||0||
----------------------------
||0|||0|||0|||0|||0|||0|||0||
----------------------------
||0|||0|||0|||0|||0|||0|||0||
----------------------------
||0|||0|||0|||0|||0|||0|||0||
----------------------------
||0|||0|||0|||0|||0|||0|||0||
----------------------------
||0|||0|||0|||0|||0|||0|||0||
----------------------------
||0|||0|||0|||0|||0|||0|||0||
----------------------------
||0|||0|||0|||0|||0|||0|||0||
----------------------------
||0|||0|||0|||0|||0|||0|||0||
----------------------------
||0|||0|||0|||0|||0|||0|||0||
----------------------------
||0|||0|||0|||0|||0|||0|||0||
----------------------------
||5|||3|||0|||0|||0|||0|||0||
----------------------------
||2|||6|||0|||0|||0|||0|||0||
----------------------------
||3|||3|||0|||0|||0|||0|||0||



iteration : 3
briques[2] = 3
briques[1] = 3
briques[0] = 3
points gagnes : 22
|
----------------------------
||0|||0|||0|||0|||0|||0|||0||
----------------------------
||0|||0|||0|||0|||0|||0|||0||
----------------------------
||0|||0|||0|||0|||0|||0|||0||
----------------------------
||0|||0|||0|||0|||0|||0|||0||
----------------------------
||0|||0|||0|||0|||0|||0|||0||
----------------------------
||0|||0|||0|||0|||0|||0|||0||
----------------------------
||0|||0|||0|||0|||0|||0|||0||
----------------------------
||0|||0|||0|||0|||0|||0|||0||
----------------------------
||0|||0|||0|||0|||0|||0|||0||
----------------------------
||0|||0|||0|||0|||0|||0|||0||
----------------------------
||0|||0|||0|||0|||0|||0|||0||
----------------------------
||0|||0|||0|||0|||0|||0|||0||
----------------------------
||0|||0|||0|||0|||0|||0|||0||
----------------------------
||5|||3|||0|||0|||0|||0|||0||
----------------------------
||2|||6|||0|||0|||0|||0|||0||



iteration : 4
briques[2] = 5
briques[1] = 2
briques[0] = 1
points gagnes : 0
|
----------------------------
||0|||0|||0|||0|||0|||0|||0||
----------------------------
||0|||0|||0|||0|||0|||0|||0||
----------------------------
||0|||0|||0|||0|||0|||0|||0||
----------------------------
||0|||0|||0|||0|||0|||0|||0||
----------------------------
||0|||0|||0|||0|||0|||0|||0||
----------------------------
||0|||0|||0|||0|||0|||0|||0||
----------------------------
||0|||0|||0|||0|||0|||0|||0||
----------------------------
||0|||0|||0|||0|||0|||0|||0||
----------------------------
||0|||0|||0|||0|||0|||0|||0||
----------------------------
||0|||0|||0|||0|||0|||0|||0||
----------------------------
||0|||0|||0|||0|||0|||0|||0||
----------------------------
||0|||0|||0|||0|||0|||0|||0||
----------------------------
||0|||0|||0|||0|||0|||0|||2||
----------------------------
||5|||3|||0|||0|||0|||0|||1||
----------------------------
||2|||6|||0|||0|||0|||0|||5||



iteration : 5
briques[2] = 1
briques[1] = 2
briques[0] = 5
points gagnes : 0
|
----------------------------
||0|||0|||0|||0|||0|||0|||0||
----------------------------
||0|||0|||0|||0|||0|||0|||0||
----------------------------
||0|||0|||0|||0|||0|||0|||0||
----------------------------
||0|||0|||0|||0|||0|||0|||0||
----------------------------
||0|||0|||0|||0|||0|||0|||0||
----------------------------
||0|||0|||0|||0|||0|||0|||0||
----------------------------
||0|||0|||0|||0|||0|||0|||0||
----------------------------
||0|||0|||0|||0|||0|||0|||0||
----------------------------
||0|||0|||0|||0|||0|||0|||0||
----------------------------
||0|||0|||0|||0|||0|||0|||0||
----------------------------
||0|||0|||0|||0|||0|||0|||0||
----------------------------
||0|||0|||0|||0|||0|||0|||0||
----------------------------
||0|||0|||5|||0|||0|||0|||2||
----------------------------
||5|||3|||1|||0|||0|||0|||1||
----------------------------
||2|||6|||2|||0|||0|||0|||5||



iteration : 6
briques[2] = 4
briques[1] = 5
briques[0] = 3
points gagnes : 0
|
----------------------------
||0|||0|||0|||0|||0|||0|||0||
----------------------------
||0|||0|||0|||0|||0|||0|||0||
----------------------------
||0|||0|||0|||0|||0|||0|||0||
----------------------------
||0|||0|||0|||0|||0|||0|||0||
----------------------------
||0|||0|||0|||0|||0|||0|||0||
----------------------------
||0|||0|||0|||0|||0|||0|||0||
----------------------------
||0|||0|||0|||0|||0|||0|||0||
----------------------------
||0|||0|||0|||0|||0|||0|||0||
----------------------------
||0|||0|||0|||0|||0|||0|||0||
----------------------------
||0|||0|||0|||0|||0|||0|||0||
----------------------------
||0|||0|||0|||0|||0|||0|||0||
----------------------------
||0|||0|||0|||0|||0|||0|||0||
----------------------------
||0|||0|||5|||5|||0|||0|||2||
----------------------------
||5|||3|||1|||3|||0|||0|||1||
----------------------------
||2|||6|||2|||4|||0|||0|||5||



iteration : 7
briques[2] = 1
briques[1] = 3
briques[0] = 6
points gagnes : 0
|
----------------------------
||0|||0|||0|||0|||0|||0|||0||
----------------------------
||0|||0|||0|||0|||0|||0|||0||
----------------------------
||0|||0|||0|||0|||0|||0|||0||
----------------------------
||0|||0|||0|||0|||0|||0|||0||
----------------------------
||0|||0|||0|||0|||0|||0|||0||
----------------------------
||0|||0|||0|||0|||0|||0|||0||
----------------------------
||0|||0|||0|||0|||0|||0|||0||
----------------------------
||0|||0|||0|||0|||0|||0|||0||
----------------------------
||0|||0|||0|||0|||0|||0|||0||
----------------------------
||0|||0|||0|||3|||0|||0|||0||
----------------------------
||0|||0|||0|||6|||0|||0|||0||
----------------------------
||0|||0|||0|||1|||0|||0|||0||
----------------------------
||0|||0|||5|||5|||0|||0|||2||
----------------------------
||5|||3|||1|||3|||0|||0|||1||
----------------------------
||2|||6|||2|||4|||0|||0|||5||



iteration : 8
briques[2] = 3
briques[1] = 1
briques[0] = 3
points gagnes : 1
|
----------------------------
||0|||0|||0|||0|||0|||0|||0||
----------------------------
||0|||0|||0|||0|||0|||0|||0||
----------------------------
||0|||0|||0|||0|||0|||0|||0||
----------------------------
||0|||0|||0|||0|||0|||0|||0||
----------------------------
||0|||0|||0|||0|||0|||0|||0||
----------------------------
||0|||0|||0|||0|||0|||0|||0||
----------------------------
||0|||0|||0|||0|||0|||0|||0||
----------------------------
||0|||0|||0|||0|||0|||0|||0||
----------------------------
||0|||0|||0|||0|||0|||0|||0||
----------------------------
||0|||0|||0|||3|||0|||0|||0||
----------------------------
||0|||0|||0|||6|||0|||0|||0||
----------------------------
||0|||0|||0|||1|||0|||0|||0||
----------------------------
||0|||0|||5|||5|||0|||0|||2||
----------------------------
||5|||1|||1|||3|||0|||0|||1||
----------------------------
||2|||6|||2|||4|||0|||0|||5||



iteration : 9
briques[2] = 3
briques[1] = 2
briques[0] = 3
points gagnes : 1
|
----------------------------
||0|||0|||0|||0|||0|||0|||0||
----------------------------
||0|||0|||0|||0|||0|||0|||0||
----------------------------
||0|||0|||0|||0|||0|||0|||0||
----------------------------
||0|||0|||0|||0|||0|||0|||0||
----------------------------
||0|||0|||0|||0|||0|||0|||0||
----------------------------
||0|||0|||0|||0|||0|||0|||0||
----------------------------
||0|||0|||0|||0|||0|||0|||0||
----------------------------
||0|||0|||0|||0|||0|||0|||0||
----------------------------
||0|||0|||0|||0|||0|||0|||0||
----------------------------
||0|||0|||0|||2|||0|||0|||0||
----------------------------
||0|||0|||0|||6|||0|||0|||0||
----------------------------
||0|||0|||0|||1|||0|||0|||0||
----------------------------
||0|||0|||5|||5|||0|||0|||2||
----------------------------
||5|||1|||1|||3|||0|||0|||1||
----------------------------
||2|||6|||2|||4|||0|||0|||5||



iteration : 10
briques[2] = 6
briques[1] = 4
briques[0] = 6
points gagnes : 0
|
----------------------------
||0|||0|||0|||0|||0|||0|||0||
----------------------------
||0|||0|||0|||0|||0|||0|||0||
----------------------------
||0|||0|||0|||0|||0|||0|||0||
----------------------------
||0|||0|||0|||0|||0|||0|||0||
----------------------------
||0|||0|||0|||0|||0|||0|||0||
----------------------------
||0|||0|||0|||0|||0|||0|||0||
----------------------------
||0|||0|||0|||4|||0|||0|||0||
----------------------------
||0|||0|||0|||6|||0|||0|||0||
----------------------------
||0|||0|||0|||6|||0|||0|||0||
----------------------------
||0|||0|||0|||2|||0|||0|||0||
----------------------------
||0|||0|||0|||6|||0|||0|||0||
----------------------------
||0|||0|||0|||1|||0|||0|||0||
----------------------------
||0|||0|||5|||5|||0|||0|||2||
----------------------------
||5|||1|||1|||3|||0|||0|||1||
----------------------------
||2|||6|||2|||4|||0|||0|||5||



iteration : 11
briques[2] = 5
briques[1] = 4
briques[0] = 4
points gagnes : 21
|
----------------------------
||0|||0|||0|||0|||0|||0|||0||
----------------------------
||0|||0|||0|||0|||0|||0|||0||
----------------------------
||0|||0|||0|||0|||0|||0|||0||
----------------------------
||0|||0|||0|||0|||0|||0|||0||
----------------------------
||0|||0|||0|||0|||0|||0|||0||
----------------------------
||0|||0|||0|||0|||0|||0|||0||
----------------------------
||0|||0|||0|||0|||0|||0|||0||
----------------------------
||0|||0|||0|||4|||0|||0|||0||
----------------------------
||0|||0|||0|||6|||0|||0|||0||
----------------------------
||0|||0|||0|||6|||0|||0|||0||
----------------------------
||0|||0|||0|||2|||0|||0|||0||
----------------------------
||0|||4|||0|||6|||0|||0|||0||
----------------------------
||0|||4|||0|||1|||0|||0|||2||
----------------------------
||5|||1|||1|||3|||0|||0|||1||
----------------------------
||2|||6|||2|||4|||0|||0|||5||



iteration : 12
briques[2] = 3
briques[1] = 3
briques[0] = 4
points gagnes : 1
|
----------------------------
||0|||0|||0|||0|||0|||0|||0||
----------------------------
||0|||0|||0|||0|||0|||0|||0||
----------------------------
||0|||0|||0|||0|||0|||0|||0||
----------------------------
||0|||0|||0|||0|||0|||0|||0||
----------------------------
||0|||0|||0|||0|||0|||0|||0||
----------------------------
||0|||0|||0|||0|||0|||0|||0||
----------------------------
||0|||0|||0|||0|||0|||0|||0||
----------------------------
||0|||0|||0|||4|||0|||0|||0||
----------------------------
||0|||0|||0|||6|||0|||0|||0||
----------------------------
||0|||0|||0|||6|||0|||0|||0||
----------------------------
||0|||0|||0|||2|||0|||0|||0||
----------------------------
||0|||3|||0|||6|||0|||0|||0||
----------------------------
||0|||3|||0|||1|||0|||0|||2||
----------------------------
||5|||1|||1|||3|||0|||0|||1||
----------------------------
||2|||6|||2|||4|||0|||0|||5||



iteration : 13
briques[2] = 4
briques[1] = 2
briques[0] = 4
points gagnes : 1
|
----------------------------
||0|||0|||0|||0|||0|||0|||0||
----------------------------
||0|||0|||0|||0|||0|||0|||0||
----------------------------
||0|||0|||0|||0|||0|||0|||0||
----------------------------
||0|||0|||0|||0|||0|||0|||0||
----------------------------
||0|||0|||0|||0|||0|||0|||0||
----------------------------
||0|||0|||0|||0|||0|||0|||0||
----------------------------
||0|||0|||0|||0|||0|||0|||0||
----------------------------
||0|||0|||0|||2|||0|||0|||0||
----------------------------
||0|||0|||0|||6|||0|||0|||0||
----------------------------
||0|||0|||0|||6|||0|||0|||0||
----------------------------
||0|||0|||0|||2|||0|||0|||0||
----------------------------
||0|||3|||0|||6|||0|||0|||0||
----------------------------
||0|||3|||0|||1|||0|||0|||2||
----------------------------
||5|||1|||1|||3|||0|||0|||1||
----------------------------
||2|||6|||2|||4|||0|||0|||5||



iteration : 14
briques[2] = 4
briques[1] = 1
briques[0] = 4
points gagnes : 0
|
----------------------------
||0|||0|||0|||0|||0|||0|||0||
----------------------------
||0|||0|||0|||0|||0|||0|||0||
----------------------------
||0|||0|||0|||0|||0|||0|||0||
----------------------------
||0|||0|||0|||0|||0|||0|||0||
----------------------------
||0|||0|||0|||0|||0|||0|||0||
----------------------------
||0|||0|||0|||0|||0|||0|||0||
----------------------------
||0|||0|||0|||0|||0|||0|||0||
----------------------------
||0|||0|||0|||2|||0|||0|||0||
----------------------------
||0|||1|||0|||6|||0|||0|||0||
----------------------------
||0|||4|||0|||6|||0|||0|||0||
----------------------------
||0|||4|||0|||2|||0|||0|||0||
----------------------------
||0|||3|||0|||6|||0|||0|||0||
----------------------------
||0|||3|||0|||1|||0|||0|||2||
----------------------------
||5|||1|||1|||3|||0|||0|||1||
----------------------------
||2|||6|||2|||4|||0|||0|||5||



iteration : 15
briques[2] = 5
briques[1] = 6
briques[0] = 3
points gagnes : 143
|
----------------------------
||0|||0|||0|||0|||0|||0|||0||
----------------------------
||0|||0|||0|||0|||0|||0|||0||
----------------------------
||0|||0|||0|||0|||0|||0|||0||
----------------------------
||0|||0|||0|||0|||0|||0|||0||
----------------------------
||0|||0|||0|||0|||0|||0|||0||
----------------------------
||0|||0|||0|||0|||0|||0|||0||
----------------------------
||0|||0|||0|||0|||0|||0|||0||
----------------------------
||0|||0|||0|||0|||0|||0|||0||
----------------------------
||0|||0|||0|||0|||0|||0|||0||
----------------------------
||0|||0|||0|||2|||0|||0|||0||
----------------------------
||0|||1|||0|||6|||0|||0|||0||
----------------------------
||0|||4|||0|||6|||0|||0|||0||
----------------------------
||0|||4|||5|||2|||0|||0|||2||
----------------------------
||5|||3|||6|||6|||0|||0|||1||
----------------------------
||2|||6|||2|||4|||0|||0|||5||



iteration : 16
briques[2] = 4
briques[1] = 6
briques[0] = 5
points gagnes : 21
|
----------------------------
||0|||0|||0|||0|||0|||0|||0||
----------------------------
||0|||0|||0|||0|||0|||0|||0||
----------------------------
||0|||0|||0|||0|||0|||0|||0||
----------------------------
||0|||0|||0|||0|||0|||0|||0||
----------------------------
||0|||0|||0|||0|||0|||0|||0||
----------------------------
||0|||0|||0|||0|||0|||0|||0||
----------------------------
||0|||0|||0|||0|||0|||0|||0||
----------------------------
||0|||0|||0|||0|||0|||0|||0||
----------------------------
||0|||0|||0|||0|||0|||0|||0||
----------------------------
||0|||0|||0|||0|||0|||0|||0||
----------------------------
||0|||1|||0|||2|||0|||0|||0||
----------------------------
||0|||4|||0|||6|||0|||0|||0||
----------------------------
||0|||4|||0|||6|||0|||0|||2||
----------------------------
||5|||3|||5|||2|||4|||0|||1||
----------------------------
||2|||6|||2|||4|||5|||0|||5||



iteration : 17
briques[2] = 1
briques[1] = 1
briques[0] = 1
points gagnes : 2
|
----------------------------
||0|||0|||0|||0|||0|||0|||0||
----------------------------
||0|||0|||0|||0|||0|||0|||0||
----------------------------
||0|||0|||0|||0|||0|||0|||0||
----------------------------
||0|||0|||0|||0|||0|||0|||0||
----------------------------
||0|||0|||0|||0|||0|||0|||0||
----------------------------
||0|||0|||0|||0|||0|||0|||0||
----------------------------
||0|||0|||0|||0|||0|||0|||0||
----------------------------
||0|||0|||0|||0|||0|||0|||0||
----------------------------
||0|||0|||0|||0|||0|||0|||0||
----------------------------
||0|||0|||0|||0|||0|||0|||0||
----------------------------
||0|||0|||0|||2|||0|||0|||0||
----------------------------
||0|||4|||0|||6|||0|||0|||0||
----------------------------
||0|||4|||0|||6|||0|||0|||2||
----------------------------
||5|||3|||5|||2|||4|||0|||1||
----------------------------
||2|||6|||2|||4|||5|||0|||5||



iteration : 18
briques[2] = 5
briques[1] = 5
briques[0] = 5
points gagnes : 22
|
----------------------------
||0|||0|||0|||0|||0|||0|||0||
----------------------------
||0|||0|||0|||0|||0|||0|||0||
----------------------------
||0|||0|||0|||0|||0|||0|||0||
----------------------------
||0|||0|||0|||0|||0|||0|||0||
----------------------------
||0|||0|||0|||0|||0|||0|||0||
----------------------------
||0|||0|||0|||0|||0|||0|||0||
----------------------------
||0|||0|||0|||0|||0|||0|||0||
----------------------------
||0|||0|||0|||0|||0|||0|||0||
----------------------------
||0|||0|||0|||0|||0|||0|||0||
----------------------------
||0|||0|||0|||0|||0|||0|||0||
----------------------------
||0|||0|||0|||2|||0|||0|||0||
----------------------------
||0|||4|||0|||6|||0|||0|||0||
----------------------------
||0|||4|||0|||6|||0|||0|||0||
----------------------------
||0|||3|||5|||2|||4|||0|||2||
----------------------------
||2|||6|||2|||4|||5|||0|||1||



iteration : 19
briques[2] = 6
briques[1] = 3
briques[0] = 4
points gagnes : 21
|
----------------------------
||0|||0|||0|||0|||0|||0|||0||
----------------------------
||0|||0|||0|||0|||0|||0|||0||
----------------------------
||0|||0|||0|||0|||0|||0|||0||
----------------------------
||0|||0|||0|||0|||0|||0|||0||
----------------------------
||0|||0|||0|||0|||0|||0|||0||
----------------------------
||0|||0|||0|||0|||0|||0|||0||
----------------------------
||0|||0|||0|||0|||0|||0|||0||
----------------------------
||0|||0|||0|||0|||0|||0|||0||
----------------------------
||0|||0|||0|||0|||0|||0|||0||
----------------------------
||0|||0|||0|||0|||0|||0|||0||
----------------------------
||0|||0|||0|||0|||0|||0|||0||
----------------------------
||0|||4|||0|||2|||0|||0|||0||
----------------------------
||0|||4|||0|||6|||0|||0|||0||
----------------------------
||0|||3|||5|||6|||0|||6|||2||
----------------------------
||2|||6|||2|||2|||5|||3|||1||



iteration : 20
briques[2] = 4
briques[1] = 3
briques[0] = 4
points gagnes : 2
|
----------------------------
||0|||0|||0|||0|||0|||0|||0||
----------------------------
||0|||0|||0|||0|||0|||0|||0||
----------------------------
||0|||0|||0|||0|||0|||0|||0||
----------------------------
||0|||0|||0|||0|||0|||0|||0||
----------------------------
||0|||0|||0|||0|||0|||0|||0||
----------------------------
||0|||0|||0|||0|||0|||0|||0||
----------------------------
||0|||0|||0|||0|||0|||0|||0||
----------------------------
||0|||0|||0|||0|||0|||0|||0||
----------------------------
||0|||0|||0|||0|||0|||0|||0||
----------------------------
||0|||0|||0|||0|||0|||0|||0||
----------------------------
||0|||0|||0|||0|||0|||0|||0||
----------------------------
||0|||0|||0|||2|||0|||0|||0||
----------------------------
||0|||3|||0|||6|||0|||0|||0||
----------------------------
||0|||3|||5|||6|||0|||6|||2||
----------------------------
||2|||6|||2|||2|||5|||3|||1||



iteration : 21
briques[2] = 1
briques[1] = 2
briques[0] = 6
points gagnes : 21
|
----------------------------
||0|||0|||0|||0|||0|||0|||0||
----------------------------
||0|||0|||0|||0|||0|||0|||0||
----------------------------
||0|||0|||0|||0|||0|||0|||0||
----------------------------
||0|||0|||0|||0|||0|||0|||0||
----------------------------
||0|||0|||0|||0|||0|||0|||0||
----------------------------
||0|||0|||0|||0|||0|||0|||0||
----------------------------
||0|||0|||0|||0|||0|||0|||0||
----------------------------
||0|||0|||0|||0|||0|||0|||0||
----------------------------
||0|||0|||0|||0|||0|||0|||0||
----------------------------
||0|||0|||0|||0|||0|||0|||0||
----------------------------
||0|||0|||0|||0|||0|||0|||0||
----------------------------
||0|||0|||0|||0|||0|||0|||0||
----------------------------
||0|||3|||0|||2|||1|||0|||0||
----------------------------
||0|||3|||5|||6|||2|||0|||2||
----------------------------
||2|||6|||2|||2|||5|||3|||1||



iteration : 22
briques[2] = 3
briques[1] = 4
briques[0] = 6
points gagnes : 1
|
----------------------------
||0|||0|||0|||0|||0|||0|||0||
----------------------------
||0|||0|||0|||0|||0|||0|||0||
----------------------------
||0|||0|||0|||0|||0|||0|||0||
----------------------------
||0|||0|||0|||0|||0|||0|||0||
----------------------------
||0|||0|||0|||0|||0|||0|||0||
----------------------------
||0|||0|||0|||0|||0|||0|||0||
----------------------------
||0|||0|||0|||0|||0|||0|||0||
----------------------------
||0|||0|||0|||0|||0|||0|||0||
----------------------------
||0|||0|||0|||0|||0|||0|||0||
----------------------------
||0|||0|||0|||0|||0|||0|||0||
----------------------------
||0|||0|||0|||0|||0|||0|||0||
----------------------------
||0|||0|||0|||0|||0|||0|||0||
----------------------------
||0|||4|||0|||2|||1|||0|||0||
----------------------------
||0|||6|||5|||6|||2|||0|||2||
----------------------------
||2|||6|||2|||2|||5|||3|||1||



iteration : 23
briques[2] = 2
briques[1] = 1
briques[0] = 3
points gagnes : 42
|
----------------------------
||0|||0|||0|||0|||0|||0|||0||
----------------------------
||0|||0|||0|||0|||0|||0|||0||
----------------------------
||0|||0|||0|||0|||0|||0|||0||
----------------------------
||0|||0|||0|||0|||0|||0|||0||
----------------------------
||0|||0|||0|||0|||0|||0|||0||
----------------------------
||0|||0|||0|||0|||0|||0|||0||
----------------------------
||0|||0|||0|||0|||0|||0|||0||
----------------------------
||0|||0|||0|||0|||0|||0|||0||
----------------------------
||0|||0|||0|||0|||0|||0|||0||
----------------------------
||0|||0|||0|||0|||0|||0|||0||
----------------------------
||0|||0|||0|||0|||0|||0|||0||
----------------------------
||0|||0|||0|||0|||0|||0|||0||
----------------------------
||0|||4|||0|||0|||0|||0|||0||
----------------------------
||0|||6|||5|||2|||0|||3|||0||
----------------------------
||2|||6|||2|||6|||5|||3|||2||



iteration : 24
briques[2] = 3
briques[1] = 2
briques[0] = 5
points gagnes : 21
|
----------------------------
||0|||0|||0|||0|||0|||0|||0||
----------------------------
||0|||0|||0|||0|||0|||0|||0||
----------------------------
||0|||0|||0|||0|||0|||0|||0||
----------------------------
||0|||0|||0|||0|||0|||0|||0||
----------------------------
||0|||0|||0|||0|||0|||0|||0||
----------------------------
||0|||0|||0|||0|||0|||0|||0||
----------------------------
||0|||0|||0|||0|||0|||0|||0||
----------------------------
||0|||0|||0|||0|||0|||0|||0||
----------------------------
||0|||0|||0|||0|||0|||0|||0||
----------------------------
||0|||0|||0|||0|||0|||0|||0||
----------------------------
||0|||0|||0|||0|||0|||0|||0||
----------------------------
||0|||0|||0|||0|||0|||0|||0||
----------------------------
||0|||4|||0|||0|||3|||0|||0||
----------------------------
||0|||6|||0|||0|||5|||3|||0||
----------------------------
||2|||6|||5|||6|||5|||3|||2||



iteration : 25
briques[2] = 2
briques[1] = 4
briques[0] = 2
points gagnes : 1
|
----------------------------
||0|||0|||0|||0|||0|||0|||0||
----------------------------
||0|||0|||0|||0|||0|||0|||0||
----------------------------
||0|||0|||0|||0|||0|||0|||0||
----------------------------
||0|||0|||0|||0|||0|||0|||0||
----------------------------
||0|||0|||0|||0|||0|||0|||0||
----------------------------
||0|||0|||0|||0|||0|||0|||0||
----------------------------
||0|||0|||0|||0|||0|||0|||0||
----------------------------
||0|||0|||0|||0|||0|||0|||0||
----------------------------
||0|||0|||0|||0|||0|||0|||0||
----------------------------
||0|||0|||0|||0|||0|||0|||0||
----------------------------
||0|||0|||0|||0|||0|||0|||0||
----------------------------
||0|||0|||0|||0|||0|||0|||0||
----------------------------
||0|||4|||0|||0|||3|||0|||0||
----------------------------
||0|||6|||0|||0|||5|||3|||0||
----------------------------
||4|||6|||5|||6|||5|||3|||2||



iteration : 26
briques[2] = 2
briques[1] = 4
briques[0] = 4
points gagnes : 1
|
----------------------------
||0|||0|||0|||0|||0|||0|||0||
----------------------------
||0|||0|||0|||0|||0|||0|||0||
----------------------------
||0|||0|||0|||0|||0|||0|||0||
----------------------------
||0|||0|||0|||0|||0|||0|||0||
----------------------------
||0|||0|||0|||0|||0|||0|||0||
----------------------------
||0|||0|||0|||0|||0|||0|||0||
----------------------------
||0|||0|||0|||0|||0|||0|||0||
----------------------------
||0|||0|||0|||0|||0|||0|||0||
----------------------------
||0|||0|||0|||0|||0|||0|||0||
----------------------------
||0|||0|||0|||0|||0|||0|||0||
----------------------------
||0|||0|||0|||0|||0|||0|||0||
----------------------------
||0|||0|||0|||0|||0|||0|||0||
----------------------------
||0|||4|||0|||0|||3|||0|||0||
----------------------------
||0|||6|||0|||0|||5|||3|||0||
----------------------------
||2|||6|||5|||6|||5|||3|||2||



iteration : 27
briques[2] = 6
briques[1] = 1
briques[0] = 5
points gagnes : 0
|
----------------------------
||0|||0|||0|||0|||0|||0|||0||
----------------------------
||0|||0|||0|||0|||0|||0|||0||
----------------------------
||0|||0|||0|||0|||0|||0|||0||
----------------------------
||0|||0|||0|||0|||0|||0|||0||
----------------------------
||0|||0|||0|||0|||0|||0|||0||
----------------------------
||0|||0|||0|||0|||0|||0|||0||
----------------------------
||0|||0|||0|||0|||0|||0|||0||
----------------------------
||0|||0|||0|||0|||0|||0|||0||
----------------------------
||0|||0|||0|||0|||0|||0|||0||
----------------------------
||0|||5|||0|||0|||0|||0|||0||
----------------------------
||0|||6|||0|||0|||0|||0|||0||
----------------------------
||0|||1|||0|||0|||0|||0|||0||
----------------------------
||0|||4|||0|||0|||3|||0|||0||
----------------------------
||0|||6|||0|||0|||5|||3|||0||
----------------------------
||2|||6|||5|||6|||5|||3|||2||



iteration : 28
briques[2] = 6
briques[1] = 1
briques[0] = 6
points gagnes : 1
|
----------------------------
||0|||0|||0|||0|||0|||0|||0||
----------------------------
||0|||0|||0|||0|||0|||0|||0||
----------------------------
||0|||0|||0|||0|||0|||0|||0||
----------------------------
||0|||0|||0|||0|||0|||0|||0||
----------------------------
||0|||0|||0|||0|||0|||0|||0||
----------------------------
||0|||0|||0|||0|||0|||0|||0||
----------------------------
||0|||0|||0|||0|||0|||0|||0||
----------------------------
||0|||0|||0|||0|||0|||0|||0||
----------------------------
||0|||0|||0|||0|||0|||0|||0||
----------------------------
||0|||5|||0|||0|||0|||0|||0||
----------------------------
||0|||6|||0|||0|||0|||0|||0||
----------------------------
||0|||1|||0|||0|||0|||0|||0||
----------------------------
||0|||4|||0|||0|||3|||0|||0||
----------------------------
||0|||6|||0|||0|||5|||3|||0||
----------------------------
||2|||6|||5|||1|||5|||3|||2||



iteration : 29
briques[2] = 1
briques[1] = 2
briques[0] = 6
points gagnes : 0
|
----------------------------
||0|||0|||0|||0|||0|||0|||0||
----------------------------
||0|||0|||0|||0|||0|||0|||0||
----------------------------
||0|||0|||0|||0|||0|||0|||0||
----------------------------
||0|||0|||0|||0|||0|||0|||0||
----------------------------
||0|||0|||0|||0|||0|||0|||0||
----------------------------
||0|||0|||0|||0|||0|||0|||0||
----------------------------
||0|||0|||0|||0|||0|||0|||0||
----------------------------
||0|||0|||0|||0|||0|||0|||0||
----------------------------
||0|||0|||0|||0|||0|||0|||0||
----------------------------
||0|||5|||0|||0|||0|||0|||0||
----------------------------
||0|||6|||0|||0|||0|||0|||0||
----------------------------
||2|||1|||0|||0|||0|||0|||0||
----------------------------
||6|||4|||0|||0|||3|||0|||0||
----------------------------
||1|||6|||0|||0|||5|||3|||0||
----------------------------
||2|||6|||5|||1|||5|||3|||2||



iteration : 30
briques[2] = 4
briques[1] = 4
briques[0] = 4
points gagnes : 1
|
----------------------------
||0|||0|||0|||0|||0|||0|||0||
----------------------------
||0|||0|||0|||0|||0|||0|||0||
----------------------------
||0|||0|||0|||0|||0|||0|||0||
----------------------------
||0|||0|||0|||0|||0|||0|||0||
----------------------------
||0|||0|||0|||0|||0|||0|||0||
----------------------------
||0|||0|||0|||0|||0|||0|||0||
----------------------------
||0|||0|||0|||0|||0|||0|||0||
----------------------------
||0|||0|||0|||0|||0|||0|||0||
----------------------------
||0|||0|||0|||0|||0|||0|||0||
----------------------------
||0|||5|||0|||0|||0|||0|||0||
----------------------------
||0|||6|||0|||0|||0|||0|||0||
----------------------------
||2|||1|||0|||0|||0|||0|||0||
----------------------------
||6|||4|||0|||0|||3|||0|||0||
----------------------------
||1|||6|||0|||0|||5|||3|||0||
----------------------------
||2|||6|||5|||1|||5|||3|||2||



iteration : 31
briques[2] = 5
briques[1] = 1
briques[0] = 2
points gagnes : 0
|
----------------------------
||0|||0|||0|||0|||0|||0|||0||
----------------------------
||0|||0|||0|||0|||0|||0|||0||
----------------------------
||0|||0|||0|||0|||0|||0|||0||
----------------------------
||0|||0|||0|||0|||0|||0|||0||
----------------------------
||0|||0|||0|||0|||0|||0|||0||
----------------------------
||0|||0|||0|||0|||0|||0|||0||
----------------------------
||0|||2|||0|||0|||0|||0|||0||
----------------------------
||0|||5|||0|||0|||0|||0|||0||
----------------------------
||0|||1|||0|||0|||0|||0|||0||
----------------------------
||0|||5|||0|||0|||0|||0|||0||
----------------------------
||0|||6|||0|||0|||0|||0|||0||
----------------------------
||2|||1|||0|||0|||0|||0|||0||
----------------------------
||6|||4|||0|||0|||3|||0|||0||
----------------------------
||1|||6|||0|||0|||5|||3|||0||
----------------------------
||2|||6|||5|||1|||5|||3|||2||



iteration : 32
briques[2] = 3
briques[1] = 6
briques[0] = 2
points gagnes : 21
|
----------------------------
||0|||0|||0|||0|||0|||0|||0||
----------------------------
||0|||0|||0|||0|||0|||0|||0||
----------------------------
||0|||0|||0|||0|||0|||0|||0||
----------------------------
||0|||0|||0|||0|||0|||0|||0||
----------------------------
||0|||0|||0|||0|||0|||0|||0||
----------------------------
||0|||0|||0|||0|||0|||0|||0||
----------------------------
||0|||2|||0|||0|||0|||0|||0||
----------------------------
||0|||5|||0|||0|||0|||0|||0||
----------------------------
||0|||1|||0|||0|||0|||0|||0||
----------------------------
||0|||5|||0|||0|||0|||0|||0||
----------------------------
||0|||6|||0|||0|||0|||0|||0||
----------------------------
||2|||1|||0|||0|||0|||0|||0||
----------------------------
||6|||4|||0|||6|||0|||0|||0||
----------------------------
||1|||6|||0|||2|||5|||0|||0||
----------------------------
||2|||6|||5|||1|||5|||3|||2||



iteration : 33
briques[2] = 4
briques[1] = 6
briques[0] = 2
points gagnes : 21
|
----------------------------
||0|||0|||0|||0|||0|||0|||0||
----------------------------
||0|||0|||0|||0|||0|||0|||0||
----------------------------
||0|||0|||0|||0|||0|||0|||0||
----------------------------
||0|||0|||0|||0|||0|||0|||0||
----------------------------
||0|||0|||0|||0|||0|||0|||0||
----------------------------
||0|||0|||0|||0|||0|||0|||0||
----------------------------
||0|||0|||0|||0|||0|||0|||0||
----------------------------
||0|||2|||0|||0|||0|||0|||0||
----------------------------
||0|||5|||0|||0|||0|||0|||0||
----------------------------
||0|||1|||0|||0|||0|||0|||0||
----------------------------
||0|||5|||0|||0|||0|||0|||0||
----------------------------
||2|||1|||0|||0|||0|||0|||0||
----------------------------
||6|||4|||2|||0|||0|||0|||0||
----------------------------
||1|||6|||4|||2|||5|||0|||0||
----------------------------
||2|||6|||5|||1|||5|||3|||2||



iteration : 34
briques[2] = 5
briques[1] = 3
briques[0] = 4
points gagnes : 1
|
----------------------------
||0|||0|||0|||0|||0|||0|||0||
----------------------------
||0|||0|||0|||0|||0|||0|||0||
----------------------------
||0|||0|||0|||0|||0|||0|||0||
----------------------------
||0|||0|||0|||0|||0|||0|||0||
----------------------------
||0|||0|||0|||0|||0|||0|||0||
----------------------------
||0|||0|||0|||0|||0|||0|||0||
----------------------------
||0|||0|||0|||0|||0|||0|||0||
----------------------------
||0|||2|||0|||0|||0|||0|||0||
----------------------------
||0|||5|||0|||0|||0|||0|||0||
----------------------------
||0|||1|||0|||0|||0|||0|||0||
----------------------------
||0|||5|||0|||0|||0|||0|||0||
----------------------------
||2|||1|||0|||0|||0|||0|||0||
----------------------------
||6|||4|||2|||0|||0|||0|||0||
----------------------------
||1|||6|||4|||2|||3|||0|||0||
----------------------------
||2|||6|||5|||1|||4|||3|||2||



iteration : 35
briques[2] = 1
briques[1] = 4
briques[0] = 2
points gagnes : 0
|
----------------------------
||0|||0|||0|||0|||0|||0|||0||
----------------------------
||0|||0|||0|||0|||0|||0|||0||
----------------------------
||0|||0|||0|||0|||0|||0|||0||
----------------------------
||0|||0|||0|||0|||0|||0|||0||
----------------------------
||0|||0|||0|||0|||0|||0|||0||
----------------------------
||0|||0|||0|||0|||0|||0|||0||
----------------------------
||0|||0|||0|||0|||0|||0|||0||
----------------------------
||0|||2|||0|||0|||0|||0|||0||
----------------------------
||0|||5|||0|||0|||0|||0|||0||
----------------------------
||0|||1|||0|||0|||0|||0|||0||
----------------------------
||0|||5|||0|||0|||0|||0|||0||
----------------------------
||2|||1|||0|||0|||0|||2|||0||
----------------------------
||6|||4|||2|||0|||0|||1|||0||
----------------------------
||1|||6|||4|||2|||3|||4|||0||
----------------------------
||2|||6|||5|||1|||4|||3|||2||



iteration : 36
briques[2] = 4
briques[1] = 4
briques[0] = 1
points gagnes : 21
|
----------------------------
||0|||0|||0|||0|||0|||0|||0||
----------------------------
||0|||0|||0|||0|||0|||0|||0||
----------------------------
||0|||0|||0|||0|||0|||0|||0||
----------------------------
||0|||0|||0|||0|||0|||0|||0||
----------------------------
||0|||0|||0|||0|||0|||0|||0||
----------------------------
||0|||0|||0|||0|||0|||0|||0||
----------------------------
||0|||0|||0|||0|||0|||0|||0||
----------------------------
||0|||2|||0|||0|||0|||0|||0||
----------------------------
||0|||5|||0|||0|||0|||0|||0||
----------------------------
||0|||1|||0|||0|||0|||0|||0||
----------------------------
||0|||5|||0|||0|||0|||0|||0||
----------------------------
||2|||1|||0|||0|||0|||0|||0||
----------------------------
||6|||4|||2|||0|||0|||2|||1||
----------------------------
||1|||6|||4|||2|||0|||1|||4||
----------------------------
||2|||6|||5|||1|||3|||3|||2||



iteration : 37
briques[2] = 2
briques[1] = 5
briques[0] = 1
points gagnes : 0
|
----------------------------
||0|||0|||0|||0|||0|||0|||0||
----------------------------
||0|||0|||0|||0|||0|||0|||0||
----------------------------
||0|||0|||0|||0|||0|||0|||0||
----------------------------
||0|||0|||0|||0|||0|||0|||0||
----------------------------
||0|||0|||0|||0|||0|||0|||0||
----------------------------
||0|||0|||0|||0|||0|||0|||0||
----------------------------
||0|||0|||0|||0|||0|||0|||0||
----------------------------
||0|||2|||0|||0|||0|||0|||0||
----------------------------
||5|||5|||0|||0|||0|||0|||0||
----------------------------
||1|||1|||0|||0|||0|||0|||0||
----------------------------
||2|||5|||0|||0|||0|||0|||0||
----------------------------
||2|||1|||0|||0|||0|||0|||0||
----------------------------
||6|||4|||2|||0|||0|||2|||1||
----------------------------
||1|||6|||4|||2|||0|||1|||4||
----------------------------
||2|||6|||5|||1|||3|||3|||2||



iteration : 38
briques[2] = 5
briques[1] = 1
briques[0] = 1
points gagnes : 103
|
----------------------------
||0|||0|||0|||0|||0|||0|||0||
----------------------------
||0|||0|||0|||0|||0|||0|||0||
----------------------------
||0|||0|||0|||0|||0|||0|||0||
----------------------------
||0|||0|||0|||0|||0|||0|||0||
----------------------------
||0|||0|||0|||0|||0|||0|||0||
----------------------------
||0|||0|||0|||0|||0|||0|||0||
----------------------------
||0|||0|||0|||0|||0|||0|||0||
----------------------------
||0|||0|||0|||0|||0|||0|||0||
----------------------------
||0|||0|||0|||0|||0|||0|||0||
----------------------------
||0|||2|||0|||0|||0|||0|||0||
----------------------------
||2|||5|||0|||0|||0|||0|||0||
----------------------------
||2|||1|||1|||0|||0|||0|||0||
----------------------------
||6|||4|||2|||0|||0|||2|||1||
----------------------------
||1|||6|||4|||2|||0|||1|||4||
----------------------------
||2|||6|||5|||1|||3|||3|||2||



iteration : 39
briques[2] = 6
briques[1] = 4
briques[0] = 3
points gagnes : 0
|
----------------------------
||0|||0|||0|||0|||0|||0|||0||
----------------------------
||0|||0|||0|||0|||0|||0|||0||
----------------------------
||0|||0|||0|||0|||0|||0|||0||
----------------------------
||0|||0|||0|||0|||0|||0|||0||
----------------------------
||0|||0|||0|||0|||0|||0|||0||
----------------------------
||0|||0|||0|||0|||0|||0|||0||
----------------------------
||0|||0|||0|||0|||0|||0|||0||
----------------------------
||0|||0|||0|||0|||0|||0|||0||
----------------------------
||0|||0|||0|||0|||0|||0|||0||
----------------------------
||0|||2|||0|||0|||0|||4|||0||
----------------------------
||2|||5|||0|||0|||0|||3|||0||
----------------------------
||2|||1|||1|||0|||0|||6|||0||
----------------------------
||6|||4|||2|||0|||0|||2|||1||
----------------------------
||1|||6|||4|||2|||0|||1|||4||
----------------------------
||2|||6|||5|||1|||3|||3|||2||



iteration : 40
briques[2] = 4
briques[1] = 4
briques[0] = 5
points gagnes : 1
|
----------------------------
||0|||0|||0|||0|||0|||0|||0||
----------------------------
||0|||0|||0|||0|||0|||0|||0||
----------------------------
||0|||0|||0|||0|||0|||0|||0||
----------------------------
||0|||0|||0|||0|||0|||0|||0||
----------------------------
||0|||0|||0|||0|||0|||0|||0||
----------------------------
||0|||0|||0|||0|||0|||0|||0||
----------------------------
||0|||0|||0|||0|||0|||0|||0||
----------------------------
||0|||0|||0|||0|||0|||0|||0||
----------------------------
||0|||0|||0|||0|||0|||0|||0||
----------------------------
||0|||2|||0|||0|||0|||5|||0||
----------------------------
||2|||5|||0|||0|||0|||3|||0||
----------------------------
||2|||1|||1|||0|||0|||6|||0||
----------------------------
||6|||4|||2|||0|||0|||2|||1||
----------------------------
||1|||6|||4|||2|||0|||1|||4||
----------------------------
||2|||6|||5|||1|||3|||3|||2||



iteration : 41
briques[2] = 2
briques[1] = 6
briques[0] = 1
points gagnes : 43
|
----------------------------
||0|||0|||0|||0|||0|||0|||0||
----------------------------
||0|||0|||0|||0|||0|||0|||0||
----------------------------
||0|||0|||0|||0|||0|||0|||0||
----------------------------
||0|||0|||0|||0|||0|||0|||0||
----------------------------
||0|||0|||0|||0|||0|||0|||0||
----------------------------
||0|||0|||0|||0|||0|||0|||0||
----------------------------
||0|||0|||0|||0|||0|||0|||0||
----------------------------
||0|||0|||0|||0|||0|||0|||0||
----------------------------
||0|||0|||0|||0|||0|||0|||0||
----------------------------
||0|||0|||0|||0|||0|||5|||0||
----------------------------
||0|||2|||0|||0|||0|||3|||0||
----------------------------
||6|||5|||0|||0|||0|||6|||0||
----------------------------
||6|||4|||2|||0|||0|||2|||1||
----------------------------
||1|||6|||4|||2|||0|||1|||4||
----------------------------
||2|||6|||5|||1|||3|||3|||2||



iteration : 42
briques[2] = 4
briques[1] = 4
briques[0] = 1
points gagnes : 0
|
----------------------------
||0|||0|||0|||0|||0|||0|||0||
----------------------------
||0|||0|||0|||0|||0|||0|||0||
----------------------------
||0|||0|||0|||0|||0|||0|||0||
----------------------------
||0|||0|||0|||0|||0|||0|||0||
----------------------------
||0|||0|||0|||0|||0|||0|||0||
----------------------------
||0|||0|||0|||0|||0|||0|||0||
----------------------------
||0|||0|||0|||0|||0|||0|||0||
----------------------------
||0|||0|||0|||0|||0|||0|||0||
----------------------------
||0|||0|||0|||0|||0|||0|||0||
----------------------------
||0|||0|||0|||0|||0|||5|||4||
----------------------------
||0|||2|||0|||0|||0|||3|||4||
----------------------------
||6|||5|||0|||0|||0|||6|||1||
----------------------------
||6|||4|||2|||0|||0|||2|||1||
----------------------------
||1|||6|||4|||2|||0|||1|||4||
----------------------------
||2|||6|||5|||1|||3|||3|||2||



iteration : 43
briques[2] = 6
briques[1] = 5
briques[0] = 4
points gagnes : 1
|
----------------------------
||0|||0|||0|||0|||0|||0|||0||
----------------------------
||0|||0|||0|||0|||0|||0|||0||
----------------------------
||0|||0|||0|||0|||0|||0|||0||
----------------------------
||0|||0|||0|||0|||0|||0|||0||
----------------------------
||0|||0|||0|||0|||0|||0|||0||
----------------------------
||0|||0|||0|||0|||0|||0|||0||
----------------------------
||0|||0|||0|||0|||0|||0|||0||
----------------------------
||0|||0|||0|||0|||0|||0|||0||
----------------------------
||0|||0|||0|||0|||0|||0|||0||
----------------------------
||0|||0|||0|||0|||0|||5|||6||
----------------------------
||0|||2|||0|||0|||0|||3|||5||
----------------------------
||6|||5|||0|||0|||0|||6|||1||
----------------------------
||6|||4|||2|||0|||0|||2|||1||
----------------------------
||1|||6|||4|||2|||0|||1|||4||
----------------------------
||2|||6|||5|||1|||3|||3|||2||



iteration : 44
briques[2] = 6
briques[1] = 1
briques[0] = 5
points gagnes : 1
|
----------------------------
||0|||0|||0|||0|||0|||0|||0||
----------------------------
||0|||0|||0|||0|||0|||0|||0||
----------------------------
||0|||0|||0|||0|||0|||0|||0||
----------------------------
||0|||0|||0|||0|||0|||0|||0||
----------------------------
||0|||0|||0|||0|||0|||0|||0||
----------------------------
||0|||0|||0|||0|||0|||0|||0||
----------------------------
||0|||0|||0|||0|||0|||0|||0||
----------------------------
||0|||0|||0|||0|||0|||0|||0||
----------------------------
||0|||0|||0|||0|||0|||0|||0||
----------------------------
||0|||0|||0|||0|||0|||5|||6||
----------------------------
||0|||2|||0|||0|||0|||3|||5||
----------------------------
||1|||5|||0|||0|||0|||6|||1||
----------------------------
||5|||4|||2|||0|||0|||2|||1||
----------------------------
||1|||6|||4|||2|||0|||1|||4||
----------------------------
||2|||6|||5|||1|||3|||3|||2||



iteration : 45
briques[2] = 6
briques[1] = 5
briques[0] = 3
points gagnes : 103
|
----------------------------
||0|||0|||0|||0|||0|||0|||0||
----------------------------
||0|||0|||0|||0|||0|||0|||0||
----------------------------
||0|||0|||0|||0|||0|||0|||0||
----------------------------
||0|||0|||0|||0|||0|||0|||0||
----------------------------
||0|||0|||0|||0|||0|||0|||0||
----------------------------
||0|||0|||0|||0|||0|||0|||0||
----------------------------
||0|||0|||0|||0|||0|||0|||0||
----------------------------
||0|||0|||0|||0|||0|||0|||0||
----------------------------
||0|||0|||0|||0|||0|||0|||0||
----------------------------
||0|||0|||0|||0|||0|||5|||6||
----------------------------
||0|||0|||0|||0|||0|||3|||5||
----------------------------
||0|||0|||6|||0|||0|||6|||1||
----------------------------
||1|||4|||3|||0|||0|||2|||1||
----------------------------
||1|||6|||4|||0|||0|||1|||4||
----------------------------
||2|||6|||5|||1|||3|||3|||2||



iteration : 46
briques[2] = 2
briques[1] = 1
briques[0] = 6
points gagnes : 1
|
----------------------------
||0|||0|||0|||0|||0|||0|||0||
----------------------------
||0|||0|||0|||0|||0|||0|||0||
----------------------------
||0|||0|||0|||0|||0|||0|||0||
----------------------------
||0|||0|||0|||0|||0|||0|||0||
----------------------------
||0|||0|||0|||0|||0|||0|||0||
----------------------------
||0|||0|||0|||0|||0|||0|||0||
----------------------------
||0|||0|||0|||0|||0|||0|||0||
----------------------------
||0|||0|||0|||0|||0|||0|||0||
----------------------------
||0|||0|||0|||0|||0|||0|||0||
----------------------------
||0|||0|||0|||0|||0|||5|||6||
----------------------------
||0|||0|||0|||0|||0|||3|||5||
----------------------------
||0|||0|||6|||0|||0|||6|||1||
----------------------------
||6|||4|||3|||0|||0|||2|||1||
----------------------------
||2|||6|||4|||0|||0|||1|||4||
----------------------------
||2|||6|||5|||1|||3|||3|||2||



iteration : 47
briques[2] = 2
briques[1] = 1
briques[0] = 3
points gagnes : 21
|
----------------------------
||0|||0|||0|||0|||0|||0|||0||
----------------------------
||0|||0|||0|||0|||0|||0|||0||
----------------------------
||0|||0|||0|||0|||0|||0|||0||
----------------------------
||0|||0|||0|||0|||0|||0|||0||
----------------------------
||0|||0|||0|||0|||0|||0|||0||
----------------------------
||0|||0|||0|||0|||0|||0|||0||
----------------------------
||0|||0|||0|||0|||0|||0|||0||
----------------------------
||0|||0|||0|||0|||0|||0|||0||
----------------------------
||0|||0|||0|||0|||0|||0|||0||
----------------------------
||0|||0|||0|||0|||0|||5|||6||
----------------------------
||0|||0|||0|||0|||0|||3|||5||
----------------------------
||0|||0|||0|||0|||0|||6|||1||
----------------------------
||6|||4|||6|||2|||0|||2|||1||
----------------------------
||2|||6|||4|||1|||0|||1|||4||
----------------------------
||2|||6|||5|||1|||0|||3|||2||



iteration : 48
briques[2] = 6
briques[1] = 4
briques[0] = 4
points gagnes : 45
|
----------------------------
||0|||0|||0|||0|||0|||0|||0||
----------------------------
||0|||0|||0|||0|||0|||0|||0||
----------------------------
||0|||0|||0|||0|||0|||0|||0||
----------------------------
||0|||0|||0|||0|||0|||0|||0||
----------------------------
||0|||0|||0|||0|||0|||0|||0||
----------------------------
||0|||0|||0|||0|||0|||0|||0||
----------------------------
||0|||0|||0|||0|||0|||0|||0||
----------------------------
||0|||0|||0|||0|||0|||0|||0||
----------------------------
||0|||0|||0|||0|||0|||0|||0||
----------------------------
||0|||0|||0|||0|||0|||5|||6||
----------------------------
||0|||0|||0|||0|||0|||3|||5||
----------------------------
||0|||0|||0|||0|||0|||6|||1||
----------------------------
||0|||0|||0|||2|||0|||2|||1||
----------------------------
||2|||0|||4|||1|||0|||1|||4||
----------------------------
||2|||0|||5|||1|||0|||3|||2||



iteration : 49
briques[2] = 4
briques[1] = 1
briques[0] = 2
points gagnes : 42
|
----------------------------
||0|||0|||0|||0|||0|||0|||0||
----------------------------
||0|||0|||0|||0|||0|||0|||0||
----------------------------
||0|||0|||0|||0|||0|||0|||0||
----------------------------
||0|||0|||0|||0|||0|||0|||0||
----------------------------
||0|||0|||0|||0|||0|||0|||0||
----------------------------
||0|||0|||0|||0|||0|||0|||0||
----------------------------
||0|||0|||0|||0|||0|||0|||0||
----------------------------
||0|||0|||0|||0|||0|||0|||0||
----------------------------
||0|||0|||0|||0|||0|||0|||0||
----------------------------
||0|||0|||0|||0|||0|||0|||0||
----------------------------
||0|||0|||0|||0|||0|||0|||6||
----------------------------
||0|||0|||0|||0|||0|||5|||5||
----------------------------
||0|||0|||0|||0|||0|||3|||1||
----------------------------
||2|||0|||4|||1|||0|||6|||4||
----------------------------
||2|||0|||5|||1|||4|||3|||2||



iteration : 50
briques[2] = 1
briques[1] = 4
briques[0] = 5
points gagnes : 21
|
----------------------------
||0|||0|||0|||0|||0|||0|||0||
----------------------------
||0|||0|||0|||0|||0|||0|||0||
----------------------------
||0|||0|||0|||0|||0|||0|||0||
----------------------------
||0|||0|||0|||0|||0|||0|||0||
----------------------------
||0|||0|||0|||0|||0|||0|||0||
----------------------------
||0|||0|||0|||0|||0|||0|||0||
----------------------------
||0|||0|||0|||0|||0|||0|||0||
----------------------------
||0|||0|||0|||0|||0|||0|||0||
----------------------------
||0|||0|||0|||0|||0|||0|||0||
----------------------------
||0|||0|||0|||0|||0|||0|||0||
----------------------------
||0|||0|||0|||0|||0|||0|||0||
----------------------------
||0|||0|||0|||0|||0|||0|||6||
----------------------------
||0|||0|||0|||0|||1|||3|||1||
----------------------------
||2|||0|||4|||1|||4|||6|||4||
----------------------------
||2|||0|||5|||1|||4|||3|||2||



iteration : 51
briques[2] = 1
briques[1] = 5
briques[0] = 3
points gagnes : 21
|
----------------------------
||0|||0|||0|||0|||0|||0|||0||
----------------------------
||0|||0|||0|||0|||0|||0|||0||
----------------------------
||0|||0|||0|||0|||0|||0|||0||
----------------------------
||0|||0|||0|||0|||0|||0|||0||
----------------------------
||0|||0|||0|||0|||0|||0|||0||
----------------------------
||0|||0|||0|||0|||0|||0|||0||
----------------------------
||0|||0|||0|||0|||0|||0|||0||
----------------------------
||0|||0|||0|||0|||0|||0|||0||
----------------------------
||0|||0|||0|||0|||0|||0|||0||
----------------------------
||0|||0|||0|||0|||0|||0|||0||
----------------------------
||0|||0|||0|||0|||0|||5|||0||
----------------------------
||0|||0|||0|||0|||0|||3|||6||
----------------------------
||0|||0|||0|||0|||0|||3|||1||
----------------------------
||2|||0|||4|||0|||4|||6|||4||
----------------------------
||2|||0|||5|||1|||4|||3|||2||



iteration : 52
briques[2] = 6
briques[1] = 3
briques[0] = 2
points gagnes : 1
|
----------------------------
||0|||0|||0|||0|||0|||0|||0||
----------------------------
||0|||0|||0|||0|||0|||0|||0||
----------------------------
||0|||0|||0|||0|||0|||0|||0||
----------------------------
||0|||0|||0|||0|||0|||0|||0||
----------------------------
||0|||0|||0|||0|||0|||0|||0||
----------------------------
||0|||0|||0|||0|||0|||0|||0||
----------------------------
||0|||0|||0|||0|||0|||0|||0||
----------------------------
||0|||0|||0|||0|||0|||0|||0||
----------------------------
||0|||0|||0|||0|||0|||0|||0||
----------------------------
||0|||0|||0|||0|||0|||0|||0||
----------------------------
||0|||0|||0|||0|||0|||5|||0||
----------------------------
||0|||0|||0|||0|||0|||3|||6||
----------------------------
||0|||0|||0|||0|||0|||3|||1||
----------------------------
||6|||0|||4|||0|||4|||6|||4||
----------------------------
||3|||0|||5|||1|||4|||3|||2||



iteration : 53
briques[2] = 3
briques[1] = 3
briques[0] = 4
points gagnes : 21
|
----------------------------
||0|||0|||0|||0|||0|||0|||0||
----------------------------
||0|||0|||0|||0|||0|||0|||0||
----------------------------
||0|||0|||0|||0|||0|||0|||0||
----------------------------
||0|||0|||0|||0|||0|||0|||0||
----------------------------
||0|||0|||0|||0|||0|||0|||0||
----------------------------
||0|||0|||0|||0|||0|||0|||0||
----------------------------
||0|||0|||0|||0|||0|||0|||0||
----------------------------
||0|||0|||0|||0|||0|||0|||0||
----------------------------
||0|||0|||0|||0|||0|||0|||0||
----------------------------
||0|||0|||0|||0|||0|||0|||0||
----------------------------
||0|||0|||0|||0|||0|||5|||0||
----------------------------
||0|||0|||0|||0|||0|||3|||6||
----------------------------
||0|||0|||0|||3|||0|||3|||1||
----------------------------
||6|||0|||0|||3|||0|||6|||4||
----------------------------
||3|||0|||5|||1|||4|||3|||2||



iteration : 54
briques[2] = 2
briques[1] = 3
briques[0] = 1
points gagnes : 42
|
----------------------------
||0|||0|||0|||0|||0|||0|||0||
----------------------------
||0|||0|||0|||0|||0|||0|||0||
----------------------------
||0|||0|||0|||0|||0|||0|||0||
----------------------------
||0|||0|||0|||0|||0|||0|||0||
----------------------------
||0|||0|||0|||0|||0|||0|||0||
----------------------------
||0|||0|||0|||0|||0|||0|||0||
----------------------------
||0|||0|||0|||0|||0|||0|||0||
----------------------------
||0|||0|||0|||0|||0|||0|||0||
----------------------------
||0|||0|||0|||0|||0|||0|||0||
----------------------------
||0|||0|||0|||0|||0|||0|||0||
----------------------------
||0|||0|||0|||0|||0|||0|||0||
----------------------------
||0|||0|||0|||0|||0|||0|||6||
----------------------------
||0|||0|||0|||0|||2|||5|||1||
----------------------------
||6|||0|||0|||0|||1|||6|||4||
----------------------------
||3|||0|||5|||1|||4|||3|||2||



iteration : 55
briques[2] = 5
briques[1] = 4
briques[0] = 4
points gagnes : 0
|
----------------------------
||0|||0|||0|||0|||0|||0|||0||
----------------------------
||0|||0|||0|||0|||0|||0|||0||
----------------------------
||0|||0|||0|||0|||0|||0|||0||
----------------------------
||0|||0|||0|||0|||0|||0|||0||
----------------------------
||0|||0|||0|||0|||0|||0|||0||
----------------------------
||0|||0|||0|||0|||0|||0|||0||
----------------------------
||0|||0|||0|||0|||0|||0|||0||
----------------------------
||0|||0|||0|||0|||0|||0|||0||
----------------------------
||0|||0|||0|||0|||0|||0|||0||
----------------------------
||0|||0|||0|||0|||0|||0|||0||
----------------------------
||0|||0|||0|||0|||0|||0|||0||
----------------------------
||0|||0|||4|||0|||0|||0|||6||
----------------------------
||0|||0|||5|||0|||2|||5|||1||
----------------------------
||6|||0|||4|||0|||1|||6|||4||
----------------------------
||3|||0|||5|||1|||4|||3|||2||



iteration : 56
briques[2] = 1
briques[1] = 2
briques[0] = 1
points gagnes : 1
|
----------------------------
||0|||0|||0|||0|||0|||0|||0||
----------------------------
||0|||0|||0|||0|||0|||0|||0||
----------------------------
||0|||0|||0|||0|||0|||0|||0||
----------------------------
||0|||0|||0|||0|||0|||0|||0||
----------------------------
||0|||0|||0|||0|||0|||0|||0||
----------------------------
||0|||0|||0|||0|||0|||0|||0||
----------------------------
||0|||0|||0|||0|||0|||0|||0||
----------------------------
||0|||0|||0|||0|||0|||0|||0||
----------------------------
||0|||0|||0|||0|||0|||0|||0||
----------------------------
||0|||0|||0|||0|||0|||0|||0||
----------------------------
||0|||0|||0|||0|||0|||0|||0||
----------------------------
||0|||0|||4|||0|||0|||0|||6||
----------------------------
||0|||0|||5|||0|||2|||5|||1||
----------------------------
||6|||0|||4|||0|||1|||6|||4||
----------------------------
||3|||0|||5|||2|||4|||3|||2||



iteration : 57
briques[2] = 3
briques[1] = 3
briques[0] = 6
points gagnes : 0
|
----------------------------
||0|||0|||0|||0|||0|||0|||0||
----------------------------
||0|||0|||0|||0|||0|||0|||0||
----------------------------
||0|||0|||0|||0|||0|||0|||0||
----------------------------
||0|||0|||0|||0|||0|||0|||0||
----------------------------
||0|||0|||0|||0|||0|||0|||0||
----------------------------
||0|||0|||0|||0|||0|||0|||0||
----------------------------
||0|||0|||0|||0|||0|||0|||0||
----------------------------
||0|||0|||0|||0|||0|||0|||0||
----------------------------
||0|||0|||0|||0|||0|||0|||0||
----------------------------
||0|||0|||0|||0|||0|||0|||0||
----------------------------
||0|||0|||0|||0|||0|||0|||0||
----------------------------
||0|||0|||4|||6|||0|||0|||6||
----------------------------
||0|||0|||5|||3|||2|||5|||1||
----------------------------
||6|||0|||4|||3|||1|||6|||4||
----------------------------
||3|||0|||5|||2|||4|||3|||2||



iteration : 58
briques[2] = 5
briques[1] = 5
briques[0] = 1
points gagnes : 1
|
----------------------------
||0|||0|||0|||0|||0|||0|||0||
----------------------------
||0|||0|||0|||0|||0|||0|||0||
----------------------------
||0|||0|||0|||0|||0|||0|||0||
----------------------------
||0|||0|||0|||0|||0|||0|||0||
----------------------------
||0|||0|||0|||0|||0|||0|||0||
----------------------------
||0|||0|||0|||0|||0|||0|||0||
----------------------------
||0|||0|||0|||0|||0|||0|||0||
----------------------------
||0|||0|||0|||0|||0|||0|||0||
----------------------------
||0|||0|||0|||0|||0|||0|||0||
----------------------------
||0|||0|||0|||0|||0|||0|||0||
----------------------------
||0|||0|||0|||0|||0|||0|||0||
----------------------------
||0|||0|||4|||6|||0|||0|||6||
----------------------------
||0|||0|||5|||3|||2|||1|||1||
----------------------------
||6|||0|||4|||3|||1|||6|||4||
----------------------------
||3|||0|||5|||2|||4|||3|||2||



iteration : 59
briques[2] = 6
briques[1] = 4
briques[0] = 6
points gagnes : 1
|
----------------------------
||0|||0|||0|||0|||0|||0|||0||
----------------------------
||0|||0|||0|||0|||0|||0|||0||
----------------------------
||0|||0|||0|||0|||0|||0|||0||
----------------------------
||0|||0|||0|||0|||0|||0|||0||
----------------------------
||0|||0|||0|||0|||0|||0|||0||
----------------------------
||0|||0|||0|||0|||0|||0|||0||
----------------------------
||0|||0|||0|||0|||0|||0|||0||
----------------------------
||0|||0|||0|||0|||0|||0|||0||
----------------------------
||0|||0|||0|||0|||0|||0|||0||
----------------------------
||0|||0|||0|||0|||0|||0|||0||
----------------------------
||0|||0|||0|||0|||0|||0|||0||
----------------------------
||0|||0|||4|||4|||0|||0|||6||
----------------------------
||0|||0|||5|||3|||2|||1|||1||
----------------------------
||6|||0|||4|||3|||1|||6|||4||
----------------------------
||3|||0|||5|||2|||4|||3|||2||



iteration : 60
briques[2] = 2
briques[1] = 2
briques[0] = 4
points gagnes : 23
|
----------------------------
||0|||0|||0|||0|||0|||0|||0||
----------------------------
||0|||0|||0|||0|||0|||0|||0||
----------------------------
||0|||0|||0|||0|||0|||0|||0||
----------------------------
||0|||0|||0|||0|||0|||0|||0||
----------------------------
||0|||0|||0|||0|||0|||0|||0||
----------------------------
||0|||0|||0|||0|||0|||0|||0||
----------------------------
||0|||0|||0|||0|||0|||0|||0||
----------------------------
||0|||0|||0|||0|||0|||0|||0||
----------------------------
||0|||0|||0|||0|||0|||0|||0||
----------------------------
||0|||0|||0|||0|||0|||0|||0||
----------------------------
||0|||0|||0|||0|||0|||0|||0||
----------------------------
||0|||0|||0|||0|||0|||0|||6||
----------------------------
||0|||0|||5|||3|||0|||1|||1||
----------------------------
||6|||0|||4|||3|||1|||6|||4||
----------------------------
||3|||0|||5|||2|||4|||3|||2||



iteration : 61
briques[2] = 1
briques[1] = 6
briques[0] = 3
points gagnes : 21
|
----------------------------
||0|||0|||0|||0|||0|||0|||0||
----------------------------
||0|||0|||0|||0|||0|||0|||0||
----------------------------
||0|||0|||0|||0|||0|||0|||0||
----------------------------
||0|||0|||0|||0|||0|||0|||0||
----------------------------
||0|||0|||0|||0|||0|||0|||0||
----------------------------
||0|||0|||0|||0|||0|||0|||0||
----------------------------
||0|||0|||0|||0|||0|||0|||0||
----------------------------
||0|||0|||0|||0|||0|||0|||0||
----------------------------
||0|||0|||0|||0|||0|||0|||0||
----------------------------
||0|||0|||0|||0|||0|||0|||0||
----------------------------
||0|||0|||0|||0|||0|||0|||0||
----------------------------
||0|||0|||0|||0|||6|||0|||0||
----------------------------
||0|||0|||5|||3|||3|||0|||6||
----------------------------
||6|||0|||4|||3|||1|||6|||4||
----------------------------
||3|||0|||5|||2|||4|||3|||2||



iteration : 62
briques[2] = 3
briques[1] = 4
briques[0] = 1
points gagnes : 21
|
----------------------------
||0|||0|||0|||0|||0|||0|||0||
----------------------------
||0|||0|||0|||0|||0|||0|||0||
----------------------------
||0|||0|||0|||0|||0|||0|||0||
----------------------------
||0|||0|||0|||0|||0|||0|||0||
----------------------------
||0|||0|||0|||0|||0|||0|||0||
----------------------------
||0|||0|||0|||0|||0|||0|||0||
----------------------------
||0|||0|||0|||0|||0|||0|||0||
----------------------------
||0|||0|||0|||0|||0|||0|||0||
----------------------------
||0|||0|||0|||0|||0|||0|||0||
----------------------------
||0|||0|||0|||0|||0|||0|||0||
----------------------------
||0|||0|||0|||0|||0|||0|||0||
----------------------------
||0|||0|||0|||0|||0|||1|||0||
----------------------------
||0|||0|||5|||0|||6|||4|||6||
----------------------------
||6|||0|||4|||3|||1|||6|||4||
----------------------------
||3|||0|||5|||2|||4|||3|||2||



iteration : 63
briques[2] = 2
briques[1] = 4
briques[0] = 1
points gagnes : 21
|
----------------------------
||0|||0|||0|||0|||0|||0|||0||
----------------------------
||0|||0|||0|||0|||0|||0|||0||
----------------------------
||0|||0|||0|||0|||0|||0|||0||
----------------------------
||0|||0|||0|||0|||0|||0|||0||
----------------------------
||0|||0|||0|||0|||0|||0|||0||
----------------------------
||0|||0|||0|||0|||0|||0|||0||
----------------------------
||0|||0|||0|||0|||0|||0|||0||
----------------------------
||0|||0|||0|||0|||0|||0|||0||
----------------------------
||0|||0|||0|||0|||0|||0|||0||
----------------------------
||0|||0|||0|||0|||0|||0|||0||
----------------------------
||0|||0|||0|||0|||1|||0|||0||
----------------------------
||0|||0|||0|||0|||2|||0|||0||
----------------------------
||0|||0|||5|||0|||6|||1|||0||
----------------------------
||6|||0|||4|||3|||1|||6|||6||
----------------------------
||3|||0|||5|||2|||4|||3|||2||



iteration : 64
briques[2] = 6
briques[1] = 1
briques[0] = 1
points gagnes : 103
|
----------------------------
||0|||0|||0|||0|||0|||0|||0||
----------------------------
||0|||0|||0|||0|||0|||0|||0||
----------------------------
||0|||0|||0|||0|||0|||0|||0||
----------------------------
||0|||0|||0|||0|||0|||0|||0||
----------------------------
||0|||0|||0|||0|||0|||0|||0||
----------------------------
||0|||0|||0|||0|||0|||0|||0||
----------------------------
||0|||0|||0|||0|||0|||0|||0||
----------------------------
||0|||0|||0|||0|||0|||0|||0||
----------------------------
||0|||0|||0|||0|||0|||0|||0||
----------------------------
||0|||0|||0|||0|||0|||0|||0||
----------------------------
||0|||0|||0|||0|||0|||0|||0||
----------------------------
||0|||0|||0|||0|||0|||0|||0||
----------------------------
||0|||0|||5|||0|||1|||0|||1||
----------------------------
||6|||0|||4|||3|||2|||0|||6||
----------------------------
||3|||0|||5|||2|||4|||3|||2||



iteration : 65
briques[2] = 6
briques[1] = 1
briques[0] = 4
points gagnes : 21
|
----------------------------
||0|||0|||0|||0|||0|||0|||0||
----------------------------
||0|||0|||0|||0|||0|||0|||0||
----------------------------
||0|||0|||0|||0|||0|||0|||0||
----------------------------
||0|||0|||0|||0|||0|||0|||0||
----------------------------
||0|||0|||0|||0|||0|||0|||0||
----------------------------
||0|||0|||0|||0|||0|||0|||0||
----------------------------
||0|||0|||0|||0|||0|||0|||0||
----------------------------
||0|||0|||0|||0|||0|||0|||0||
----------------------------
||0|||0|||0|||0|||0|||0|||0||
----------------------------
||0|||0|||0|||0|||0|||0|||0||
----------------------------
||0|||0|||0|||0|||0|||0|||0||
----------------------------
||0|||0|||0|||0|||0|||0|||0||
----------------------------
||0|||0|||5|||0|||0|||6|||0||
----------------------------
||6|||0|||4|||3|||2|||4|||6||
----------------------------
||3|||0|||5|||2|||4|||3|||2||



iteration : 66
briques[2] = 6
briques[1] = 6
briques[0] = 5
points gagnes : 21
|
----------------------------
||0|||0|||0|||0|||0|||0|||0||
----------------------------
||0|||0|||0|||0|||0|||0|||0||
----------------------------
||0|||0|||0|||0|||0|||0|||0||
----------------------------
||0|||0|||0|||0|||0|||0|||0||
----------------------------
||0|||0|||0|||0|||0|||0|||0||
----------------------------
||0|||0|||0|||0|||0|||0|||0||
----------------------------
||0|||0|||0|||0|||0|||0|||0||
----------------------------
||0|||0|||0|||0|||0|||0|||0||
----------------------------
||0|||0|||0|||0|||0|||0|||0||
----------------------------
||0|||0|||0|||0|||0|||0|||0||
----------------------------
||0|||0|||0|||0|||0|||0|||0||
----------------------------
||0|||0|||0|||0|||5|||0|||0||
----------------------------
||0|||0|||5|||0|||6|||0|||0||
----------------------------
||6|||0|||4|||3|||2|||4|||0||
----------------------------
||3|||0|||5|||2|||4|||3|||2||



iteration : 67
briques[2] = 2
briques[1] = 5
briques[0] = 3
points gagnes : 21
|
----------------------------
||0|||0|||0|||0|||0|||0|||0||
----------------------------
||0|||0|||0|||0|||0|||0|||0||
----------------------------
||0|||0|||0|||0|||0|||0|||0||
----------------------------
||0|||0|||0|||0|||0|||0|||0||
----------------------------
||0|||0|||0|||0|||0|||0|||0||
----------------------------
||0|||0|||0|||0|||0|||0|||0||
----------------------------
||0|||0|||0|||0|||0|||0|||0||
----------------------------
||0|||0|||0|||0|||0|||0|||0||
----------------------------
||0|||0|||0|||0|||0|||0|||0||
----------------------------
||0|||0|||0|||0|||0|||0|||0||
----------------------------
||0|||0|||0|||0|||0|||0|||0||
----------------------------
||0|||0|||0|||0|||0|||5|||0||
----------------------------
||0|||0|||5|||0|||5|||3|||0||
----------------------------
||6|||0|||4|||0|||6|||4|||0||
----------------------------
||3|||0|||5|||3|||4|||3|||2||



iteration : 68
briques[2] = 1
briques[1] = 5
briques[0] = 5
points gagnes : 49
|
----------------------------
||0|||0|||0|||0|||0|||0|||0||
----------------------------
||0|||0|||0|||0|||0|||0|||0||
----------------------------
||0|||0|||0|||0|||0|||0|||0||
----------------------------
||0|||0|||0|||0|||0|||0|||0||
----------------------------
||0|||0|||0|||0|||0|||0|||0||
----------------------------
||0|||0|||0|||0|||0|||0|||0||
----------------------------
||0|||0|||0|||0|||0|||0|||0||
----------------------------
||0|||0|||0|||0|||0|||0|||0||
----------------------------
||0|||0|||0|||0|||0|||0|||0||
----------------------------
||0|||0|||0|||0|||0|||0|||0||
----------------------------
||0|||0|||0|||0|||0|||0|||0||
----------------------------
||0|||0|||0|||0|||0|||0|||0||
----------------------------
||0|||0|||0|||0|||0|||3|||0||
----------------------------
||6|||0|||0|||1|||6|||4|||0||
----------------------------
||3|||0|||4|||3|||4|||3|||2||



iteration : 69
briques[2] = 1
briques[1] = 1
briques[0] = 1
points gagnes : 2
|
----------------------------
||0|||0|||0|||0|||0|||0|||0||
----------------------------
||0|||0|||0|||0|||0|||0|||0||
----------------------------
||0|||0|||0|||0|||0|||0|||0||
----------------------------
||0|||0|||0|||0|||0|||0|||0||
----------------------------
||0|||0|||0|||0|||0|||0|||0||
----------------------------
||0|||0|||0|||0|||0|||0|||0||
----------------------------
||0|||0|||0|||0|||0|||0|||0||
----------------------------
||0|||0|||0|||0|||0|||0|||0||
----------------------------
||0|||0|||0|||0|||0|||0|||0||
----------------------------
||0|||0|||0|||0|||0|||0|||0||
----------------------------
||0|||0|||0|||0|||0|||0|||0||
----------------------------
||0|||0|||0|||0|||0|||0|||0||
----------------------------
||0|||0|||0|||0|||0|||3|||0||
----------------------------
||6|||0|||0|||0|||6|||4|||0||
----------------------------
||3|||0|||4|||3|||4|||3|||2||



iteration : 70
briques[2] = 1
briques[1] = 6
briques[0] = 2
points gagnes : 0
|
----------------------------
||0|||0|||0|||0|||0|||0|||0||
----------------------------
||0|||0|||0|||0|||0|||0|||0||
----------------------------
||0|||0|||0|||0|||0|||0|||0||
----------------------------
||0|||0|||0|||0|||0|||0|||0||
----------------------------
||0|||0|||0|||0|||0|||0|||0||
----------------------------
||0|||0|||0|||0|||0|||0|||0||
----------------------------
||0|||0|||0|||0|||0|||0|||0||
----------------------------
||0|||0|||0|||0|||0|||0|||0||
----------------------------
||0|||0|||0|||0|||0|||0|||0||
----------------------------
||0|||0|||0|||0|||0|||0|||0||
----------------------------
||0|||0|||0|||0|||2|||0|||0||
----------------------------
||0|||0|||0|||0|||1|||0|||0||
----------------------------
||0|||0|||0|||0|||6|||3|||0||
----------------------------
||6|||0|||0|||0|||6|||4|||0||
----------------------------
||3|||0|||4|||3|||4|||3|||2||



iteration : 71
briques[2] = 6
briques[1] = 3
briques[0] = 6
points gagnes : 1
|
----------------------------
||0|||0|||0|||0|||0|||0|||0||
----------------------------
||0|||0|||0|||0|||0|||0|||0||
----------------------------
||0|||0|||0|||0|||0|||0|||0||
----------------------------
||0|||0|||0|||0|||0|||0|||0||
----------------------------
||0|||0|||0|||0|||0|||0|||0||
----------------------------
||0|||0|||0|||0|||0|||0|||0||
----------------------------
||0|||0|||0|||0|||0|||0|||0||
----------------------------
||0|||0|||0|||0|||0|||0|||0||
----------------------------
||0|||0|||0|||0|||0|||0|||0||
----------------------------
||0|||0|||0|||0|||0|||0|||0||
----------------------------
||0|||0|||0|||0|||2|||0|||0||
----------------------------
||0|||0|||0|||0|||1|||0|||0||
----------------------------
||0|||0|||0|||0|||6|||3|||0||
----------------------------
||3|||0|||0|||0|||6|||4|||0||
----------------------------
||3|||0|||4|||3|||4|||3|||2||



iteration : 72
briques[2] = 5
briques[1] = 3
briques[0] = 3
points gagnes : 2
|
----------------------------
||0|||0|||0|||0|||0|||0|||0||
----------------------------
||0|||0|||0|||0|||0|||0|||0||
----------------------------
||0|||0|||0|||0|||0|||0|||0||
----------------------------
||0|||0|||0|||0|||0|||0|||0||
----------------------------
||0|||0|||0|||0|||0|||0|||0||
----------------------------
||0|||0|||0|||0|||0|||0|||0||
----------------------------
||0|||0|||0|||0|||0|||0|||0||
----------------------------
||0|||0|||0|||0|||0|||0|||0||
----------------------------
||0|||0|||0|||0|||0|||0|||0||
----------------------------
||0|||0|||0|||0|||0|||0|||0||
----------------------------
||0|||0|||0|||0|||2|||0|||0||
----------------------------
||0|||0|||0|||0|||1|||0|||0||
----------------------------
||0|||0|||0|||0|||6|||3|||0||
----------------------------
||0|||0|||0|||0|||6|||4|||0||
----------------------------
||5|||0|||4|||3|||4|||3|||2||



iteration : 73
briques[2] = 4
briques[1] = 6
briques[0] = 6
points gagnes : 21
|
----------------------------
||0|||0|||0|||0|||0|||0|||0||
----------------------------
||0|||0|||0|||0|||0|||0|||0||
----------------------------
||0|||0|||0|||0|||0|||0|||0||
----------------------------
||0|||0|||0|||0|||0|||0|||0||
----------------------------
||0|||0|||0|||0|||0|||0|||0||
----------------------------
||0|||0|||0|||0|||0|||0|||0||
----------------------------
||0|||0|||0|||0|||0|||0|||0||
----------------------------
||0|||0|||0|||0|||0|||0|||0||
----------------------------
||0|||0|||0|||0|||0|||0|||0||
----------------------------
||0|||0|||0|||0|||0|||0|||0||
----------------------------
||0|||0|||0|||0|||0|||0|||0||
----------------------------
||0|||0|||0|||0|||2|||0|||0||
----------------------------
||0|||0|||0|||0|||1|||0|||6||
----------------------------
||0|||0|||0|||0|||6|||3|||6||
----------------------------
||5|||0|||4|||3|||6|||3|||2||



iteration : 74
briques[2] = 6
briques[1] = 3
briques[0] = 4
points gagnes : 1
|
----------------------------
||0|||0|||0|||0|||0|||0|||0||
----------------------------
||0|||0|||0|||0|||0|||0|||0||
----------------------------
||0|||0|||0|||0|||0|||0|||0||
----------------------------
||0|||0|||0|||0|||0|||0|||0||
----------------------------
||0|||0|||0|||0|||0|||0|||0||
----------------------------
||0|||0|||0|||0|||0|||0|||0||
----------------------------
||0|||0|||0|||0|||0|||0|||0||
----------------------------
||0|||0|||0|||0|||0|||0|||0||
----------------------------
||0|||0|||0|||0|||0|||0|||0||
----------------------------
||0|||0|||0|||0|||0|||0|||0||
----------------------------
||0|||0|||0|||0|||0|||0|||0||
----------------------------
||0|||0|||0|||0|||2|||0|||0||
----------------------------
||0|||0|||0|||0|||1|||0|||3||
----------------------------
||0|||0|||0|||0|||6|||3|||4||
----------------------------
||5|||0|||4|||3|||6|||3|||2||



iteration : 75
briques[2] = 2
briques[1] = 5
briques[0] = 5
points gagnes : 1
|
----------------------------
||0|||0|||0|||0|||0|||0|||0||
----------------------------
||0|||0|||0|||0|||0|||0|||0||
----------------------------
||0|||0|||0|||0|||0|||0|||0||
----------------------------
||0|||0|||0|||0|||0|||0|||0||
----------------------------
||0|||0|||0|||0|||0|||0|||0||
----------------------------
||0|||0|||0|||0|||0|||0|||0||
----------------------------
||0|||0|||0|||0|||0|||0|||0||
----------------------------
||0|||0|||0|||0|||0|||0|||0||
----------------------------
||0|||0|||0|||0|||0|||0|||0||
----------------------------
||0|||0|||0|||0|||0|||0|||0||
----------------------------
||0|||0|||0|||0|||0|||0|||0||
----------------------------
||0|||0|||0|||0|||2|||0|||0||
----------------------------
||0|||0|||0|||0|||1|||0|||3||
----------------------------
||0|||0|||0|||0|||6|||3|||4||
----------------------------
||2|||0|||4|||3|||6|||3|||2||



iteration : 76
briques[2] = 2
briques[1] = 5
briques[0] = 5
points gagnes : 0
|
----------------------------
||0|||0|||0|||0|||0|||0|||0||
----------------------------
||0|||0|||0|||0|||0|||0|||0||
----------------------------
||0|||0|||0|||0|||0|||0|||0||
----------------------------
||0|||0|||0|||0|||0|||0|||0||
----------------------------
||0|||0|||0|||0|||0|||0|||0||
----------------------------
||0|||0|||0|||0|||0|||0|||0||
----------------------------
||0|||0|||0|||0|||0|||0|||0||
----------------------------
||0|||0|||0|||0|||0|||0|||0||
----------------------------
||0|||0|||0|||0|||0|||0|||0||
----------------------------
||0|||0|||0|||0|||0|||0|||0||
----------------------------
||0|||0|||0|||0|||0|||0|||0||
----------------------------
||0|||0|||0|||2|||2|||0|||0||
----------------------------
||0|||0|||0|||5|||1|||0|||3||
----------------------------
||0|||0|||0|||5|||6|||3|||4||
----------------------------
||2|||0|||4|||3|||6|||3|||2||



iteration : 77
briques[2] = 2
briques[1] = 1
briques[0] = 1
points gagnes : 21
|
----------------------------
||0|||0|||0|||0|||0|||0|||0||
----------------------------
||0|||0|||0|||0|||0|||0|||0||
----------------------------
||0|||0|||0|||0|||0|||0|||0||
----------------------------
||0|||0|||0|||0|||0|||0|||0||
----------------------------
||0|||0|||0|||0|||0|||0|||0||
----------------------------
||0|||0|||0|||0|||0|||0|||0||
----------------------------
||0|||0|||0|||0|||0|||0|||0||
----------------------------
||0|||0|||0|||0|||0|||0|||0||
----------------------------
||0|||0|||0|||0|||0|||0|||0||
----------------------------
||0|||0|||0|||0|||0|||0|||0||
----------------------------
||0|||0|||0|||0|||0|||0|||0||
----------------------------
||0|||0|||0|||0|||0|||0|||0||
----------------------------
||0|||0|||1|||5|||1|||0|||3||
----------------------------
||0|||0|||1|||5|||6|||3|||4||
----------------------------
||2|||0|||4|||3|||6|||3|||2||



iteration : 78
briques[2] = 2
briques[1] = 6
briques[0] = 3
points gagnes : 1
|
----------------------------
||0|||0|||0|||0|||0|||0|||0||
----------------------------
||0|||0|||0|||0|||0|||0|||0||
----------------------------
||0|||0|||0|||0|||0|||0|||0||
----------------------------
||0|||0|||0|||0|||0|||0|||0||
----------------------------
||0|||0|||0|||0|||0|||0|||0||
----------------------------
||0|||0|||0|||0|||0|||0|||0||
----------------------------
||0|||0|||0|||0|||0|||0|||0||
----------------------------
||0|||0|||0|||0|||0|||0|||0||
----------------------------
||0|||0|||0|||0|||0|||0|||0||
----------------------------
||0|||0|||0|||0|||0|||0|||0||
----------------------------
||0|||0|||0|||0|||0|||0|||0||
----------------------------
||0|||0|||0|||0|||0|||0|||0||
----------------------------
||0|||0|||1|||5|||1|||0|||3||
----------------------------
||0|||0|||1|||5|||6|||2|||4||
----------------------------
||2|||0|||4|||3|||6|||6|||2||



iteration : 79
briques[2] = 1
briques[1] = 3
briques[0] = 2
points gagnes : 1
|
----------------------------
||0|||0|||0|||0|||0|||0|||0||
----------------------------
||0|||0|||0|||0|||0|||0|||0||
----------------------------
||0|||0|||0|||0|||0|||0|||0||
----------------------------
||0|||0|||0|||0|||0|||0|||0||
----------------------------
||0|||0|||0|||0|||0|||0|||0||
----------------------------
||0|||0|||0|||0|||0|||0|||0||
----------------------------
||0|||0|||0|||0|||0|||0|||0||
----------------------------
||0|||0|||0|||0|||0|||0|||0||
----------------------------
||0|||0|||0|||0|||0|||0|||0||
----------------------------
||0|||0|||0|||0|||0|||0|||0||
----------------------------
||0|||0|||0|||0|||0|||0|||0||
----------------------------
||0|||0|||0|||0|||0|||0|||0||
----------------------------
||0|||0|||3|||5|||1|||0|||3||
----------------------------
||0|||0|||2|||5|||6|||2|||4||
----------------------------
||2|||0|||4|||3|||6|||6|||2||



iteration : 80
briques[2] = 2
briques[1] = 5
briques[0] = 2
points gagnes : 1
|
----------------------------
||0|||0|||0|||0|||0|||0|||0||
----------------------------
||0|||0|||0|||0|||0|||0|||0||
----------------------------
||0|||0|||0|||0|||0|||0|||0||
----------------------------
||0|||0|||0|||0|||0|||0|||0||
----------------------------
||0|||0|||0|||0|||0|||0|||0||
----------------------------
||0|||0|||0|||0|||0|||0|||0||
----------------------------
||0|||0|||0|||0|||0|||0|||0||
----------------------------
||0|||0|||0|||0|||0|||0|||0||
----------------------------
||0|||0|||0|||0|||0|||0|||0||
----------------------------
||0|||0|||0|||0|||0|||0|||0||
----------------------------
||0|||0|||0|||0|||0|||0|||0||
----------------------------
||0|||0|||0|||0|||0|||0|||0||
----------------------------
||0|||0|||3|||5|||1|||0|||3||
----------------------------
||0|||0|||2|||5|||6|||5|||4||
----------------------------
||2|||0|||4|||3|||6|||6|||2||



iteration : 81
briques[2] = 5
briques[1] = 1
briques[0] = 6
points gagnes : 1
|
----------------------------
||0|||0|||0|||0|||0|||0|||0||
----------------------------
||0|||0|||0|||0|||0|||0|||0||
----------------------------
||0|||0|||0|||0|||0|||0|||0||
----------------------------
||0|||0|||0|||0|||0|||0|||0||
----------------------------
||0|||0|||0|||0|||0|||0|||0||
----------------------------
||0|||0|||0|||0|||0|||0|||0||
----------------------------
||0|||0|||0|||0|||0|||0|||0||
----------------------------
||0|||0|||0|||0|||0|||0|||0||
----------------------------
||0|||0|||0|||0|||0|||0|||0||
----------------------------
||0|||0|||0|||0|||0|||0|||0||
----------------------------
||0|||0|||0|||0|||0|||0|||0||
----------------------------
||0|||0|||0|||0|||0|||0|||0||
----------------------------
||0|||0|||3|||1|||1|||0|||3||
----------------------------
||0|||0|||2|||6|||6|||5|||4||
----------------------------
||2|||0|||4|||3|||6|||6|||2||



iteration : 82
briques[2] = 3
briques[1] = 1
briques[0] = 1
points gagnes : 21
|
----------------------------
||0|||0|||0|||0|||0|||0|||0||
----------------------------
||0|||0|||0|||0|||0|||0|||0||
----------------------------
||0|||0|||0|||0|||0|||0|||0||
----------------------------
||0|||0|||0|||0|||0|||0|||0||
----------------------------
||0|||0|||0|||0|||0|||0|||0||
----------------------------
||0|||0|||0|||0|||0|||0|||0||
----------------------------
||0|||0|||0|||0|||0|||0|||0||
----------------------------
||0|||0|||0|||0|||0|||0|||0||
----------------------------
||0|||0|||0|||0|||0|||0|||0||
----------------------------
||0|||0|||0|||0|||0|||0|||0||
----------------------------
||0|||0|||0|||0|||0|||0|||0||
----------------------------
||0|||0|||0|||0|||0|||3|||0||
----------------------------
||0|||0|||3|||0|||0|||1|||3||
----------------------------
||0|||0|||2|||6|||6|||5|||4||
----------------------------
||2|||0|||4|||3|||6|||6|||2||



iteration : 83
briques[2] = 6
briques[1] = 6
briques[0] = 1
points gagnes : 22
|
----------------------------
||0|||0|||0|||0|||0|||0|||0||
----------------------------
||0|||0|||0|||0|||0|||0|||0||
----------------------------
||0|||0|||0|||0|||0|||0|||0||
----------------------------
||0|||0|||0|||0|||0|||0|||0||
----------------------------
||0|||0|||0|||0|||0|||0|||0||
----------------------------
||0|||0|||0|||0|||0|||0|||0||
----------------------------
||0|||0|||0|||0|||0|||0|||0||
----------------------------
||0|||0|||0|||0|||0|||0|||0||
----------------------------
||0|||0|||0|||0|||0|||0|||0||
----------------------------
||0|||0|||0|||0|||0|||0|||0||
----------------------------
||0|||0|||0|||0|||0|||0|||0||
----------------------------
||0|||0|||0|||0|||0|||0|||0||
----------------------------
||0|||0|||3|||0|||0|||3|||3||
----------------------------
||0|||0|||2|||1|||0|||1|||4||
----------------------------
||2|||0|||4|||3|||6|||5|||2||



iteration : 84
briques[2] = 3
briques[1] = 2
briques[0] = 6
points gagnes : 21
|
----------------------------
||0|||0|||0|||0|||0|||0|||0||
----------------------------
||0|||0|||0|||0|||0|||0|||0||
----------------------------
||0|||0|||0|||0|||0|||0|||0||
----------------------------
||0|||0|||0|||0|||0|||0|||0||
----------------------------
||0|||0|||0|||0|||0|||0|||0||
----------------------------
||0|||0|||0|||0|||0|||0|||0||
----------------------------
||0|||0|||0|||0|||0|||0|||0||
----------------------------
||0|||0|||0|||0|||0|||0|||0||
----------------------------
||0|||0|||0|||0|||0|||0|||0||
----------------------------
||0|||0|||0|||0|||0|||0|||0||
----------------------------
||0|||0|||0|||0|||0|||0|||0||
----------------------------
||0|||0|||0|||0|||0|||0|||0||
----------------------------
||0|||0|||3|||0|||2|||0|||3||
----------------------------
||0|||0|||2|||0|||6|||1|||4||
----------------------------
||2|||0|||4|||1|||6|||5|||2||



iteration : 85
briques[2] = 1
briques[1] = 6
briques[0] = 1
points gagnes : 1
|
----------------------------
||0|||0|||0|||0|||0|||0|||0||
----------------------------
||0|||0|||0|||0|||0|||0|||0||
----------------------------
||0|||0|||0|||0|||0|||0|||0||
----------------------------
||0|||0|||0|||0|||0|||0|||0||
----------------------------
||0|||0|||0|||0|||0|||0|||0||
----------------------------
||0|||0|||0|||0|||0|||0|||0||
----------------------------
||0|||0|||0|||0|||0|||0|||0||
----------------------------
||0|||0|||0|||0|||0|||0|||0||
----------------------------
||0|||0|||0|||0|||0|||0|||0||
----------------------------
||0|||0|||0|||0|||0|||0|||0||
----------------------------
||0|||0|||0|||0|||0|||0|||0||
----------------------------
||0|||0|||0|||0|||0|||0|||0||
----------------------------
||0|||0|||3|||0|||2|||0|||3||
----------------------------
||0|||0|||2|||0|||6|||1|||4||
----------------------------
||2|||0|||4|||6|||6|||5|||2||



iteration : 86
briques[2] = 6
briques[1] = 3
briques[0] = 2
points gagnes : 21
|
----------------------------
||0|||0|||0|||0|||0|||0|||0||
----------------------------
||0|||0|||0|||0|||0|||0|||0||
----------------------------
||0|||0|||0|||0|||0|||0|||0||
----------------------------
||0|||0|||0|||0|||0|||0|||0||
----------------------------
||0|||0|||0|||0|||0|||0|||0||
----------------------------
||0|||0|||0|||0|||0|||0|||0||
----------------------------
||0|||0|||0|||0|||0|||0|||0||
----------------------------
||0|||0|||0|||0|||0|||0|||0||
----------------------------
||0|||0|||0|||0|||0|||0|||0||
----------------------------
||0|||0|||0|||0|||0|||0|||0||
----------------------------
||0|||0|||0|||0|||0|||0|||0||
----------------------------
||0|||0|||0|||0|||0|||3|||0||
----------------------------
||0|||0|||3|||0|||0|||2|||3||
----------------------------
||0|||0|||2|||0|||2|||1|||4||
----------------------------
||2|||0|||4|||0|||6|||5|||2||



iteration : 87
briques[2] = 2
briques[1] = 2
briques[0] = 2
points gagnes : 42
|
----------------------------
||0|||0|||0|||0|||0|||0|||0||
----------------------------
||0|||0|||0|||0|||0|||0|||0||
----------------------------
||0|||0|||0|||0|||0|||0|||0||
----------------------------
||0|||0|||0|||0|||0|||0|||0||
----------------------------
||0|||0|||0|||0|||0|||0|||0||
----------------------------
||0|||0|||0|||0|||0|||0|||0||
----------------------------
||0|||0|||0|||0|||0|||0|||0||
----------------------------
||0|||0|||0|||0|||0|||0|||0||
----------------------------
||0|||0|||0|||0|||0|||0|||0||
----------------------------
||0|||0|||0|||0|||0|||0|||0||
----------------------------
||0|||0|||0|||0|||0|||0|||0||
----------------------------
||0|||0|||0|||0|||0|||0|||0||
----------------------------
||0|||0|||0|||0|||0|||3|||3||
----------------------------
||0|||0|||3|||0|||0|||1|||4||
----------------------------
||2|||0|||4|||0|||6|||5|||2||



iteration : 88
briques[2] = 3
briques[1] = 6
briques[0] = 6
points gagnes : 23
|
----------------------------
||0|||0|||0|||0|||0|||0|||0||
----------------------------
||0|||0|||0|||0|||0|||0|||0||
----------------------------
||0|||0|||0|||0|||0|||0|||0||
----------------------------
||0|||0|||0|||0|||0|||0|||0||
----------------------------
||0|||0|||0|||0|||0|||0|||0||
----------------------------
||0|||0|||0|||0|||0|||0|||0||
----------------------------
||0|||0|||0|||0|||0|||0|||0||
----------------------------
||0|||0|||0|||0|||0|||0|||0||
----------------------------
||0|||0|||0|||0|||0|||0|||0||
----------------------------
||0|||0|||0|||0|||0|||0|||0||
----------------------------
||0|||0|||0|||0|||0|||0|||0||
----------------------------
||0|||0|||0|||0|||0|||0|||0||
----------------------------
||0|||0|||0|||0|||0|||0|||0||
----------------------------
||0|||0|||3|||0|||0|||1|||4||
----------------------------
||2|||0|||4|||0|||0|||5|||2||



iteration : 89
briques[2] = 3
briques[1] = 3
briques[0] = 1
points gagnes : 1
|
----------------------------
||0|||0|||0|||0|||0|||0|||0||
----------------------------
||0|||0|||0|||0|||0|||0|||0||
----------------------------
||0|||0|||0|||0|||0|||0|||0||
----------------------------
||0|||0|||0|||0|||0|||0|||0||
----------------------------
||0|||0|||0|||0|||0|||0|||0||
----------------------------
||0|||0|||0|||0|||0|||0|||0||
----------------------------
||0|||0|||0|||0|||0|||0|||0||
----------------------------
||0|||0|||0|||0|||0|||0|||0||
----------------------------
||0|||0|||0|||0|||0|||0|||0||
----------------------------
||0|||0|||0|||0|||0|||0|||0||
----------------------------
||0|||0|||0|||0|||0|||0|||0||
----------------------------
||0|||0|||0|||0|||0|||0|||0||
----------------------------
||0|||0|||0|||0|||0|||0|||0||
----------------------------
||0|||0|||1|||0|||0|||1|||4||
----------------------------
||2|||0|||4|||0|||0|||5|||2||



iteration : 90
briques[2] = 3
briques[1] = 1
briques[0] = 4
points gagnes : 0
|
----------------------------
||0|||0|||0|||0|||0|||0|||0||
----------------------------
||0|||0|||0|||0|||0|||0|||0||
----------------------------
||0|||0|||0|||0|||0|||0|||0||
----------------------------
||0|||0|||0|||0|||0|||0|||0||
----------------------------
||0|||0|||0|||0|||0|||0|||0||
----------------------------
||0|||0|||0|||0|||0|||0|||0||
----------------------------
||0|||0|||0|||0|||0|||0|||0||
----------------------------
||0|||0|||0|||0|||0|||0|||0||
----------------------------
||0|||0|||0|||0|||0|||0|||0||
----------------------------
||0|||0|||0|||0|||0|||0|||0||
----------------------------
||0|||0|||0|||0|||0|||0|||0||
----------------------------
||1|||0|||0|||0|||0|||0|||0||
----------------------------
||4|||0|||0|||0|||0|||0|||0||
----------------------------
||3|||0|||1|||0|||0|||1|||4||
----------------------------
||2|||0|||4|||0|||0|||5|||2||



iteration : 91
briques[2] = 3
briques[1] = 2
briques[0] = 1
points gagnes : 21
|
----------------------------
||0|||0|||0|||0|||0|||0|||0||
----------------------------
||0|||0|||0|||0|||0|||0|||0||
----------------------------
||0|||0|||0|||0|||0|||0|||0||
----------------------------
||0|||0|||0|||0|||0|||0|||0||
----------------------------
||0|||0|||0|||0|||0|||0|||0||
----------------------------
||0|||0|||0|||0|||0|||0|||0||
----------------------------
||0|||0|||0|||0|||0|||0|||0||
----------------------------
||0|||0|||0|||0|||0|||0|||0||
----------------------------
||0|||0|||0|||0|||0|||0|||0||
----------------------------
||0|||0|||0|||0|||0|||0|||0||
----------------------------
||0|||0|||0|||0|||0|||0|||0||
----------------------------
||0|||0|||0|||0|||0|||0|||0||
----------------------------
||4|||0|||0|||0|||0|||0|||0||
----------------------------
||3|||3|||0|||0|||0|||1|||4||
----------------------------
||2|||2|||4|||0|||0|||5|||2||



iteration : 92
briques[2] = 1
briques[1] = 1
briques[0] = 4
points gagnes : 1
|
----------------------------
||0|||0|||0|||0|||0|||0|||0||
----------------------------
||0|||0|||0|||0|||0|||0|||0||
----------------------------
||0|||0|||0|||0|||0|||0|||0||
----------------------------
||0|||0|||0|||0|||0|||0|||0||
----------------------------
||0|||0|||0|||0|||0|||0|||0||
----------------------------
||0|||0|||0|||0|||0|||0|||0||
----------------------------
||0|||0|||0|||0|||0|||0|||0||
----------------------------
||0|||0|||0|||0|||0|||0|||0||
----------------------------
||0|||0|||0|||0|||0|||0|||0||
----------------------------
||0|||0|||0|||0|||0|||0|||0||
----------------------------
||0|||0|||0|||0|||0|||0|||0||
----------------------------
||0|||0|||0|||0|||0|||0|||0||
----------------------------
||4|||0|||0|||0|||0|||0|||0||
----------------------------
||3|||3|||0|||0|||0|||4|||4||
----------------------------
||2|||2|||4|||0|||0|||5|||2||



iteration : 93
briques[2] = 2
briques[1] = 5
briques[0] = 5
points gagnes : 0
|
----------------------------
||0|||0|||0|||0|||0|||0|||0||
----------------------------
||0|||0|||0|||0|||0|||0|||0||
----------------------------
||0|||0|||0|||0|||0|||0|||0||
----------------------------
||0|||0|||0|||0|||0|||0|||0||
----------------------------
||0|||0|||0|||0|||0|||0|||0||
----------------------------
||0|||0|||0|||0|||0|||0|||0||
----------------------------
||0|||0|||0|||0|||0|||0|||0||
----------------------------
||0|||0|||0|||0|||0|||0|||0||
----------------------------
||0|||0|||0|||0|||0|||0|||0||
----------------------------
||0|||0|||0|||0|||0|||0|||0||
----------------------------
||0|||5|||0|||0|||0|||0|||0||
----------------------------
||0|||2|||0|||0|||0|||0|||0||
----------------------------
||4|||5|||0|||0|||0|||0|||0||
----------------------------
||3|||3|||0|||0|||0|||4|||4||
----------------------------
||2|||2|||4|||0|||0|||5|||2||



iteration : 94
briques[2] = 5
briques[1] = 2
briques[0] = 4
points gagnes : 21
|
----------------------------
||0|||0|||0|||0|||0|||0|||0||
----------------------------
||0|||0|||0|||0|||0|||0|||0||
----------------------------
||0|||0|||0|||0|||0|||0|||0||
----------------------------
||0|||0|||0|||0|||0|||0|||0||
----------------------------
||0|||0|||0|||0|||0|||0|||0||
----------------------------
||0|||0|||0|||0|||0|||0|||0||
----------------------------
||0|||0|||0|||0|||0|||0|||0||
----------------------------
||0|||0|||0|||0|||0|||0|||0||
----------------------------
||0|||0|||0|||0|||0|||0|||0||
----------------------------
||0|||0|||0|||0|||0|||0|||0||
----------------------------
||0|||5|||0|||0|||0|||0|||0||
----------------------------
||0|||2|||0|||0|||0|||0|||0||
----------------------------
||4|||5|||0|||0|||0|||0|||0||
----------------------------
||3|||3|||0|||0|||2|||0|||0||
----------------------------
||2|||2|||4|||0|||5|||5|||2||



iteration : 95
briques[2] = 5
briques[1] = 3
briques[0] = 2
points gagnes : 21
|
----------------------------
||0|||0|||0|||0|||0|||0|||0||
----------------------------
||0|||0|||0|||0|||0|||0|||0||
----------------------------
||0|||0|||0|||0|||0|||0|||0||
----------------------------
||0|||0|||0|||0|||0|||0|||0||
----------------------------
||0|||0|||0|||0|||0|||0|||0||
----------------------------
||0|||0|||0|||0|||0|||0|||0||
----------------------------
||0|||0|||0|||0|||0|||0|||0||
----------------------------
||0|||0|||0|||0|||0|||0|||0||
----------------------------
||0|||0|||0|||0|||0|||0|||0||
----------------------------
||0|||0|||0|||0|||0|||0|||0||
----------------------------
||0|||0|||0|||0|||0|||0|||0||
----------------------------
||0|||5|||0|||0|||0|||0|||0||
----------------------------
||0|||2|||2|||0|||0|||0|||0||
----------------------------
||4|||5|||5|||0|||2|||0|||0||
----------------------------
||2|||2|||4|||0|||5|||5|||2||



iteration : 96
briques[2] = 3
briques[1] = 5
briques[0] = 3
points gagnes : 21
|
----------------------------
||0|||0|||0|||0|||0|||0|||0||
----------------------------
||0|||0|||0|||0|||0|||0|||0||
----------------------------
||0|||0|||0|||0|||0|||0|||0||
----------------------------
||0|||0|||0|||0|||0|||0|||0||
----------------------------
||0|||0|||0|||0|||0|||0|||0||
----------------------------
||0|||0|||0|||0|||0|||0|||0||
----------------------------
||0|||0|||0|||0|||0|||0|||0||
----------------------------
||0|||0|||0|||0|||0|||0|||0||
----------------------------
||0|||0|||0|||0|||0|||0|||0||
----------------------------
||0|||0|||0|||0|||0|||0|||0||
----------------------------
||0|||0|||0|||0|||0|||0|||0||
----------------------------
||0|||0|||0|||0|||0|||0|||0||
----------------------------
||0|||5|||0|||0|||0|||0|||0||
----------------------------
||4|||2|||2|||3|||2|||0|||0||
----------------------------
||2|||2|||4|||3|||5|||5|||2||



iteration : 97
briques[2] = 4
briques[1] = 4
briques[0] = 3
points gagnes : 1
|
----------------------------
||0|||0|||0|||0|||0|||0|||0||
----------------------------
||0|||0|||0|||0|||0|||0|||0||
----------------------------
||0|||0|||0|||0|||0|||0|||0||
----------------------------
||0|||0|||0|||0|||0|||0|||0||
----------------------------
||0|||0|||0|||0|||0|||0|||0||
----------------------------
||0|||0|||0|||0|||0|||0|||0||
----------------------------
||0|||0|||0|||0|||0|||0|||0||
----------------------------
||0|||0|||0|||0|||0|||0|||0||
----------------------------
||0|||0|||0|||0|||0|||0|||0||
----------------------------
||0|||0|||0|||0|||0|||0|||0||
----------------------------
||0|||0|||0|||0|||0|||0|||0||
----------------------------
||0|||0|||0|||0|||0|||0|||0||
----------------------------
||0|||5|||0|||0|||0|||0|||0||
----------------------------
||3|||2|||2|||3|||2|||0|||0||
----------------------------
||2|||2|||4|||3|||5|||5|||2||



iteration : 98
briques[2] = 1
briques[1] = 6
briques[0] = 4
points gagnes : 0
|
----------------------------
||0|||0|||0|||0|||0|||0|||0||
----------------------------
||0|||0|||0|||0|||0|||0|||0||
----------------------------
||0|||0|||0|||0|||0|||0|||0||
----------------------------
||0|||0|||0|||0|||0|||0|||0||
----------------------------
||0|||0|||0|||0|||0|||0|||0||
----------------------------
||0|||0|||0|||0|||0|||0|||0||
----------------------------
||0|||0|||0|||0|||0|||0|||0||
----------------------------
||0|||0|||0|||0|||0|||0|||0||
----------------------------
||0|||0|||0|||0|||0|||0|||0||
----------------------------
||0|||0|||0|||0|||0|||0|||0||
----------------------------
||0|||0|||1|||0|||0|||0|||0||
----------------------------
||0|||0|||6|||0|||0|||0|||0||
----------------------------
||0|||5|||4|||0|||0|||0|||0||
----------------------------
||3|||2|||2|||3|||2|||0|||0||
----------------------------
||2|||2|||4|||3|||5|||5|||2||



iteration : 99
briques[2] = 6
briques[1] = 3
briques[0] = 5
points gagnes : 1
|
----------------------------
||0|||0|||0|||0|||0|||0|||0||
----------------------------
||0|||0|||0|||0|||0|||0|||0||
----------------------------
||0|||0|||0|||0|||0|||0|||0||
----------------------------
||0|||0|||0|||0|||0|||0|||0||
----------------------------
||0|||0|||0|||0|||0|||0|||0||
----------------------------
||0|||0|||0|||0|||0|||0|||0||
----------------------------
||0|||0|||0|||0|||0|||0|||0||
----------------------------
||0|||0|||0|||0|||0|||0|||0||
----------------------------
||0|||0|||0|||0|||0|||0|||0||
----------------------------
||0|||0|||0|||0|||0|||0|||0||
----------------------------
||0|||0|||1|||0|||0|||0|||0||
----------------------------
||0|||0|||6|||0|||0|||0|||0||
----------------------------
||0|||5|||4|||0|||0|||0|||0||
----------------------------
||3|||2|||2|||5|||2|||0|||0||
----------------------------
||2|||2|||4|||6|||5|||5|||2||



iteration : 100
briques[2] = 5
briques[1] = 5
briques[0] = 2
points gagnes : 57
|
----------------------------
||0|||0|||0|||0|||0|||0|||0||
----------------------------
||0|||0|||0|||0|||0|||0|||0||
----------------------------
||0|||0|||0|||0|||0|||0|||0||
----------------------------
||0|||0|||0|||0|||0|||0|||0||
----------------------------
||0|||0|||0|||0|||0|||0|||0||
----------------------------
||0|||0|||0|||0|||0|||0|||0||
----------------------------
||0|||0|||0|||0|||0|||0|||0||
----------------------------
||0|||0|||0|||0|||0|||0|||0||
----------------------------
||0|||0|||0|||0|||0|||0|||0||
----------------------------
||0|||0|||0|||0|||0|||0|||0||
----------------------------
||0|||0|||0|||0|||0|||0|||0||
----------------------------
||0|||0|||1|||0|||0|||0|||0||
----------------------------
||0|||0|||6|||0|||0|||0|||0||
----------------------------
||3|||5|||4|||0|||0|||0|||0||
----------------------------
||2|||2|||4|||6|||5|||5|||2||



